22:51:30: 16: 0 0 0 0 0 0 0 0 
22:51:31: 0: 0 0 0 0 0 0 0 0 
22:51:32: 0: 0 0 0 0 0 0 0 0 
22:51:33: 16: 0 0 0 0 0 0 0 0 
22:51:34: 0: 0 0 0 0 0 0 0 0 
22:51:35: 0: 0 0 0 0 0 0 0 0 
22:51:36: 0: 0 0 0 0 0 0 0 0 
22:51:37: 0: 0 0 0 0 0 0 0 0 
22:51:38: 0: 0 0 0 0 0 0 0 0 
22:51:39: 0: 0 0 0 0 0 0 0 0 
22:51:40: 0: 0 0 0 0 0 0 0 0 
23:12:54: 0: 0 0 0 0 0 0 0 0 
23:12:55: 0: 0 0 0 0 0 0 0 0 
23:12:56: 0: 0 0 0 0 0 0 0 0 
23:12:57: 0: 0 0 0 0 0 0 0 0 
23:12:58: 0: 0 0 0 0 0 0 0 0 
23:12:59: 0: 0 0 0 0 0 0 0 0 
23:13:00: 0: 0 0 0 0 0 0 0 0 
23:13:01: 0: 0 0 0 0 0 0 0 0 
23:13:02: 0: 0 0 0 0 0 0 0 0 
23:13:03: 0: 0 0 0 0 0 0 0 0 
23:13:04: 0: 0 0 0 0 0 0 0 0 
23:13:05: 0: 0 0 0 0 0 0 0 0 
23:13:06: 0: 0 0 0 0 0 0 0 0 
23:13:07: 0: 0 0 0 0 0 0 0 0 
23:13:08: 0: 0 0 0 0 0 0 0 0 
23:13:09: 0: 0 0 0 0 0 0 0 0 
23:13:10: 0: 0 0 0 0 0 0 0 0 
23:13:11: 0: 0 0 0 0 0 0 0 0 
23:13:12: 0: 0 0 0 0 0 0 0 0 
23:13:13: 0: 0 0 0 0 0 0 0 0 
23:13:14: 0: 0 0 0 0 0 0 0 0 
23:13:15: 0: 0 0 0 0 0 0 0 0 
23:13:16: 0: 0 0 0 0 0 0 0 0 
23:13:17: 0: 0 0 0 0 0 0 0 0 
23:13:18: 0: 0 0 0 0 0 0 0 0 
23:13:19: 0: 0 0 0 0 0 0 0 0 
23:13:20: 0: 0 0 0 0 0 0 0 0 
23:13:21: 0: 0 0 0 0 0 0 0 0 
23:13:22: 0: 0 0 0 0 0 0 0 0 
23:13:23: 0: 0 0 0 0 0 0 0 0 
23:13:24: 0: 0 0 0 0 0 0 0 0 
23:13:25: 0: 0 0 0 0 0 0 0 0 
23:13:26: 0: 0 0 0 0 0 0 0 0 
23:13:27: 0: 0 0 0 0 0 0 0 0 
23:13:28: 0: 0 0 0 0 0 0 0 0 
23:13:29: 0: 0 0 0 0 0 0 0 0 
23:13:30: 0: 0 0 0 0 0 0 0 0 
23:13:31: 0: 0 0 0 0 0 0 0 0 
23:13:32: 0: 0 0 0 0 0 0 0 0 
23:13:33: 0: 0 0 0 0 0 0 0 0 
23:13:34: 0: 0 0 0 0 0 0 0 0 
23:13:35: 4: 70 0 65 0 0 0 0 0 
23:13:36: 0: 0 0 0 0 0 0 0 0 
23:13:37: 0: 0 0 0 0 0 0 0 0 
23:13:38: 0: 0 0 0 0 0 0 0 0 
23:13:39: 0: 0 0 0 0 0 0 0 0 
23:13:40: 0: 0 0 0 0 0 0 0 0 
23:13:41: 0: 0 0 0 0 0 0 0 0 
23:13:42: 0: 0 0 0 0 0 0 0 0 
23:13:43: 0: 0 0 0 0 0 0 0 0 
23:13:44: 0: 0 0 0 0 0 0 0 0 
23:13:46: 0: 0 0 0 0 0 0 0 0 
23:13:47: 0: 0 0 0 0 0 0 0 0 
23:13:48: 0: 0 0 0 0 0 0 0 0 
23:13:49: 0: 0 0 0 0 0 0 0 0 
23:13:50: 0: 0 0 0 0 0 0 0 0 
23:13:51: 0: 0 0 0 0 0 0 0 0 
23:13:52: 0: 0 0 0 0 0 0 0 0 
23:13:53: 0: 0 0 0 0 0 0 0 0 
23:13:54: 0: 0 0 0 0 0 0 0 0 
23:13:55: 0: 0 0 0 0 0 0 0 0 
23:13:56: 4: 70 0 65 0 0 0 0 0 
23:13:57: 0: 0 0 0 0 0 0 0 0 
23:13:58: 0: 0 0 0 0 0 0 0 0 
23:13:59: 0: 0 0 0 0 0 0 0 0 
23:14:00: 0: 0 0 0 0 0 0 0 0 
23:14:01: 0: 0 0 0 0 0 0 0 0 
23:14:02: 0: 0 0 0 0 0 0 0 0 
23:14:03: 0: 0 0 0 0 0 0 0 0 
23:14:04: 0: 0 0 0 0 0 0 0 0 
23:14:05: 0: 0 0 0 0 0 0 0 0 
23:14:06: 0: 0 0 0 0 0 0 0 0 
23:14:07: 0: 0 0 0 0 0 0 0 0 
23:14:08: 0: 0 0 0 0 0 0 0 0 
23:14:09: 0: 0 0 0 0 0 0 0 0 
23:14:10: 0: 0 0 0 0 0 0 0 0 
23:14:11: 0: 0 0 0 0 0 0 0 0 
23:14:12: 0: 0 0 0 0 0 0 0 0 
23:14:13: 0: 0 0 0 0 0 0 0 0 
23:14:14: 0: 0 0 0 0 0 0 0 0 
23:14:15: 0: 0 0 0 0 0 0 0 0 
23:14:16: 0: 0 0 0 0 0 0 0 0 
23:14:17: 0: 0 0 0 0 0 0 0 0 
23:14:18: 0: 0 0 0 0 0 0 0 0 
23:14:19: 0: 0 0 0 0 0 0 0 0 
23:14:20: 0: 0 0 0 0 0 0 0 0 
23:14:21: 0: 0 0 0 0 0 0 0 0 
23:14:22: 0: 0 0 0 0 0 0 0 0 
23:14:23: 0: 0 0 0 0 0 0 0 0 
23:14:24: 0: 0 0 0 0 0 0 0 0 
23:14:25: 0: 0 0 0 0 0 0 0 0 
23:14:26: 0: 0 0 0 0 0 0 0 0 
23:14:27: 0: 0 0 0 0 0 0 0 0 
23:14:28: 0: 0 0 0 0 0 0 0 0 
23:14:29: 0: 0 0 0 0 0 0 0 0 
23:14:30: 0: 0 0 0 0 0 0 0 0 
23:14:31: 0: 0 0 0 0 0 0 0 0 
23:14:32: 0: 0 0 0 0 0 0 0 0 
23:14:33: 0: 0 0 0 0 0 0 0 0 
23:14:34: 0: 0 0 0 0 0 0 0 0 
23:14:35: 0: 0 0 0 0 0 0 0 0 
23:14:36: 0: 0 0 0 0 0 0 0 0 
23:14:37: 0: 0 0 0 0 0 0 0 0 
23:14:38: 0: 0 0 0 0 0 0 0 0 
23:14:39: 0: 0 0 0 0 0 0 0 0 
23:14:40: 0: 0 0 0 0 0 0 0 0 
23:14:41: 0: 0 0 0 0 0 0 0 0 
23:14:42: 0: 0 0 0 0 0 0 0 0 
23:14:43: 0: 0 0 0 0 0 0 0 0 
23:14:44: 0: 0 0 0 0 0 0 0 0 
23:14:45: 0: 0 0 0 0 0 0 0 0 
23:14:46: 0: 0 0 0 0 0 0 0 0 
23:14:47: 0: 0 0 0 0 0 0 0 0 
23:14:48: 0: 0 0 0 0 0 0 0 0 
23:14:49: 0: 0 0 0 0 0 0 0 0 
23:14:50: 0: 0 0 0 0 0 0 0 0 
23:14:51: 0: 0 0 0 0 0 0 0 0 
23:14:52: 0: 0 0 0 0 0 0 0 0 
23:14:53: 0: 0 0 0 0 0 0 0 0 
23:14:54: 0: 0 0 0 0 0 0 0 0 
23:14:55: 0: 0 0 0 0 0 0 0 0 
23:14:56: 0: 0 0 0 0 0 0 0 0 
23:14:57: 0: 0 0 0 0 0 0 0 0 
23:14:58: 0: 0 0 0 0 0 0 0 0 
23:14:59: 0: 0 0 0 0 0 0 0 0 
23:15:00: 0: 0 0 0 0 0 0 0 0 
23:15:01: 0: 0 0 0 0 0 0 0 0 
23:15:02: 0: 0 0 0 0 0 0 0 0 
23:15:03: 0: 0 0 0 0 0 0 0 0 
23:15:04: 0: 0 0 0 0 0 0 0 0 
23:15:05: 0: 0 0 0 0 0 0 0 0 
23:15:06: 0: 0 0 0 0 0 0 0 0 
23:15:07: 0: 0 0 0 0 0 0 0 0 
23:15:08: 0: 0 0 0 0 0 0 0 0 
23:15:09: 0: 0 0 0 0 0 0 0 0 
23:15:10: 0: 0 0 0 0 0 0 0 0 
23:15:11: 0: 0 0 0 0 0 0 0 0 
23:15:12: 0: 0 0 0 0 0 0 0 0 
23:15:13: 0: 0 0 0 0 0 0 0 0 
23:15:14: 0: 0 0 0 0 0 0 0 0 
23:15:15: 0: 0 0 0 0 0 0 0 0 
23:15:16: 0: 0 0 0 0 0 0 0 0 
23:15:17: 0: 0 0 0 0 0 0 0 0 
23:15:18: 0: 0 0 0 0 0 0 0 0 
23:15:19: 0: 0 0 0 0 0 0 0 0 
23:15:20: 0: 0 0 0 0 0 0 0 0 
23:15:21: 0: 0 0 0 0 0 0 0 0 
23:15:22: 0: 0 0 0 0 0 0 0 0 
23:15:23: 0: 0 0 0 0 0 0 0 0 
23:15:24: 0: 0 0 0 0 0 0 0 0 
23:15:25: 0: 0 0 0 0 0 0 0 0 
23:15:26: 0: 0 0 0 0 0 0 0 0 
23:15:27: 0: 0 0 0 0 0 0 0 0 
23:15:28: 0: 0 0 0 0 0 0 0 0 
23:15:29: 0: 0 0 0 0 0 0 0 0 
23:15:30: 0: 0 0 0 0 0 0 0 0 
23:15:31: 0: 0 0 0 0 0 0 0 0 
23:15:32: 0: 0 0 0 0 0 0 0 0 
23:15:33: 0: 0 0 0 0 0 0 0 0 
23:15:34: 0: 0 0 0 0 0 0 0 0 
23:15:35: 0: 0 0 0 0 0 0 0 0 
23:15:36: 0: 0 0 0 0 0 0 0 0 
23:15:37: 0: 0 0 0 0 0 0 0 0 
23:15:38: 0: 0 0 0 0 0 0 0 0 
23:15:39: 0: 0 0 0 0 0 0 0 0 
23:15:40: 0: 0 0 0 0 0 0 0 0 
23:15:41: 0: 0 0 0 0 0 0 0 0 
23:15:42: 0: 0 0 0 0 0 0 0 0 
23:15:43: 0: 0 0 0 0 0 0 0 0 
23:37:42: 16: 0 0 0 0 0 0 0 0 
23:37:43: 0: 0 0 0 0 0 0 0 0 
23:37:44: 0: 0 0 0 0 0 0 0 0 
23:37:45: 0: 0 0 0 0 0 0 0 0 
23:37:46: 0: 0 0 0 0 0 0 0 0 
23:37:47: 0: 0 0 0 0 0 0 0 0 
23:37:48: 0: 0 0 0 0 0 0 0 0 
23:37:49: 0: 0 0 0 0 0 0 0 0 
23:37:50: 0: 0 0 0 0 0 0 0 0 
23:37:51: 0: 0 0 0 0 0 0 0 0 
23:37:52: 0: 0 0 0 0 0 0 0 0 
23:37:53: 0: 0 0 0 0 0 0 0 0 
23:37:54: 0: 0 0 0 0 0 0 0 0 
23:37:55: 0: 0 0 0 0 0 0 0 0 
23:37:56: 0: 0 0 0 0 0 0 0 0 
23:37:57: 0: 0 0 0 0 0 0 0 0 
23:37:58: 0: 0 0 0 0 0 0 0 0 
23:37:59: 0: 0 0 0 0 0 0 0 0 
23:38:00: 0: 0 0 0 0 0 0 0 0 
23:38:01: 0: 0 0 0 0 0 0 0 0 
23:38:02: 0: 0 0 0 0 0 0 0 0 
23:38:03: 0: 0 0 0 0 0 0 0 0 
23:38:04: 0: 0 0 0 0 0 0 0 0 
23:38:05: 0: 0 0 0 0 0 0 0 0 
23:38:06: 0: 0 0 0 0 0 0 0 0 
23:38:07: 0: 0 0 0 0 0 0 0 0 
23:38:08: 0: 0 0 0 0 0 0 0 0 
23:38:09: 0: 0 0 0 0 0 0 0 0 
23:38:10: 0: 0 0 0 0 0 0 0 0 
23:38:11: 0: 0 0 0 0 0 0 0 0 
23:38:12: 0: 0 0 0 0 0 0 0 0 
23:38:13: 0: 0 0 0 0 0 0 0 0 
23:38:14: 0: 0 0 0 0 0 0 0 0 
23:38:15: 0: 0 0 0 0 0 0 0 0 
23:38:16: 0: 0 0 0 0 0 0 0 0 
23:38:17: 0: 0 0 0 0 0 0 0 0 
23:38:18: 0: 0 0 0 0 0 0 0 0 
23:38:19: 0: 0 0 0 0 0 0 0 0 
23:38:20: 0: 0 0 0 0 0 0 0 0 
23:38:21: 0: 0 0 0 0 0 0 0 0 
23:38:22: 0: 0 0 0 0 0 0 0 0 
23:38:23: 0: 0 0 0 0 0 0 0 0 
23:38:24: 0: 0 0 0 0 0 0 0 0 
23:38:25: 0: 0 0 0 0 0 0 0 0 
23:38:26: 0: 0 0 0 0 0 0 0 0 
23:38:27: 0: 0 0 0 0 0 0 0 0 
23:38:28: 0: 0 0 0 0 0 0 0 0 
23:38:29: 0: 0 0 0 0 0 0 0 0 
23:38:30: 0: 0 0 0 0 0 0 0 0 
23:38:31: 0: 0 0 0 0 0 0 0 0 
23:38:32: 0: 0 0 0 0 0 0 0 0 
23:38:35: 0: 0 0 0 0 0 0 0 0 
23:38:36: 0: 0 0 0 0 0 0 0 0 
23:38:37: 0: 0 0 0 0 0 0 0 0 
23:38:38: 0: 0 0 0 0 0 0 0 0 
23:38:39: 0: 0 0 0 0 0 0 0 0 
23:38:40: 0: 0 0 0 0 0 0 0 0 
23:38:41: 4: 93 0 52 0 0 0 0 0 
23:38:42: 0: 0 0 0 0 0 0 0 0 
23:38:43: 0: 0 0 0 0 0 0 0 0 
23:38:44: 0: 0 0 0 0 0 0 0 0 
23:38:45: 0: 0 0 0 0 0 0 0 0 
23:38:46: 0: 0 0 0 0 0 0 0 0 
23:38:47: 0: 0 0 0 0 0 0 0 0 
23:38:48: 0: 0 0 0 0 0 0 0 0 
23:38:49: 0: 0 0 0 0 0 0 0 0 
23:38:50: 0: 0 0 0 0 0 0 0 0 
23:38:51: 0: 0 0 0 0 0 0 0 0 
23:38:52: 0: 0 0 0 0 0 0 0 0 
23:38:53: 0: 0 0 0 0 0 0 0 0 
23:38:54: 0: 0 0 0 0 0 0 0 0 
23:38:55: 0: 0 0 0 0 0 0 0 0 
23:38:56: 0: 0 0 0 0 0 0 0 0 
23:38:57: 0: 0 0 0 0 0 0 0 0 
23:38:58: 0: 0 0 0 0 0 0 0 0 
23:38:59: 0: 0 0 0 0 0 0 0 0 
23:39:00: 0: 0 0 0 0 0 0 0 0 
23:39:01: 0: 0 0 0 0 0 0 0 0 
23:39:02: 0: 0 0 0 0 0 0 0 0 
23:39:03: 0: 0 0 0 0 0 0 0 0 
23:39:04: 0: 0 0 0 0 0 0 0 0 
23:39:05: 0: 0 0 0 0 0 0 0 0 
23:39:06: 0: 0 0 0 0 0 0 0 0 
23:39:07: 0: 0 0 0 0 0 0 0 0 
23:39:08: 0: 0 0 0 0 0 0 0 0 
23:39:09: 0: 0 0 0 0 0 0 0 0 
23:39:10: 0: 0 0 0 0 0 0 0 0 
23:39:11: 0: 0 0 0 0 0 0 0 0 
23:39:12: 0: 0 0 0 0 0 0 0 0 
23:39:13: 0: 0 0 0 0 0 0 0 0 
23:39:14: 0: 0 0 0 0 0 0 0 0 
23:39:15: 0: 0 0 0 0 0 0 0 0 
23:39:16: 0: 0 0 0 0 0 0 0 0 
23:39:17: 0: 0 0 0 0 0 0 0 0 
23:39:18: 0: 0 0 0 0 0 0 0 0 
23:39:19: 0: 0 0 0 0 0 0 0 0 
23:39:20: 0: 0 0 0 0 0 0 0 0 
23:39:21: 0: 0 0 0 0 0 0 0 0 
23:39:22: 0: 0 0 0 0 0 0 0 0 
23:39:23: 0: 0 0 0 0 0 0 0 0 
23:39:24: 0: 0 0 0 0 0 0 0 0 
23:39:25: 0: 0 0 0 0 0 0 0 0 
23:39:26: 0: 0 0 0 0 0 0 0 0 
23:39:27: 0: 0 0 0 0 0 0 0 0 
23:39:28: 0: 0 0 0 0 0 0 0 0 
23:39:29: 0: 0 0 0 0 0 0 0 0 
23:39:30: 0: 0 0 0 0 0 0 0 0 
23:39:31: 0: 0 0 0 0 0 0 0 0 
23:39:32: 0: 0 0 0 0 0 0 0 0 
23:39:33: 0: 0 0 0 0 0 0 0 0 
23:39:34: 0: 0 0 0 0 0 0 0 0 
23:39:35: 0: 0 0 0 0 0 0 0 0 
23:42:04: 16: 5 0 0 0 0 0 0 0 
23:42:05: 0: 0 0 0 0 0 0 0 0 
23:42:06: 0: 0 0 0 0 0 0 0 0 
23:42:07: 0: 0 0 0 0 0 0 0 0 
23:42:08: 0: 0 0 0 0 0 0 0 0 
23:42:09: 0: 0 0 0 0 0 0 0 0 
23:42:10: 0: 0 0 0 0 0 0 0 0 
23:42:11: 0: 0 0 0 0 0 0 0 0 
23:42:12: 0: 0 0 0 0 0 0 0 0 
23:42:13: 0: 0 0 0 0 0 0 0 0 
23:42:14: 0: 0 0 0 0 0 0 0 0 
23:42:15: 0: 0 0 0 0 0 0 0 0 
23:42:16: 0: 0 0 0 0 0 0 0 0 
23:42:17: 0: 0 0 0 0 0 0 0 0 
23:42:18: 0: 0 0 0 0 0 0 0 0 
23:42:19: 0: 0 0 0 0 0 0 0 0 
23:42:20: 0: 0 0 0 0 0 0 0 0 
23:42:21: 0: 0 0 0 0 0 0 0 0 
23:42:22: 0: 0 0 0 0 0 0 0 0 
23:42:23: 0: 0 0 0 0 0 0 0 0 
23:42:24: 0: 0 0 0 0 0 0 0 0 
23:42:25: 0: 0 0 0 0 0 0 0 0 
23:42:26: 0: 0 0 0 0 0 0 0 0 
23:42:27: 0: 0 0 0 0 0 0 0 0 
23:42:28: 0: 0 0 0 0 0 0 0 0 
23:42:29: 0: 0 0 0 0 0 0 0 0 
23:42:30: 0: 0 0 0 0 0 0 0 0 
23:42:31: 0: 0 0 0 0 0 0 0 0 
23:42:32: 0: 0 0 0 0 0 0 0 0 
23:42:33: 0: 0 0 0 0 0 0 0 0 
23:42:34: 0: 0 0 0 0 0 0 0 0 
23:42:35: 0: 0 0 0 0 0 0 0 0 
23:42:36: 0: 0 0 0 0 0 0 0 0 
23:42:37: 0: 0 0 0 0 0 0 0 0 
23:42:38: 0: 0 0 0 0 0 0 0 0 
23:42:39: 0: 0 0 0 0 0 0 0 0 
23:42:40: 0: 0 0 0 0 0 0 0 0 
23:42:41: 0: 0 0 0 0 0 0 0 0 
23:42:42: 0: 0 0 0 0 0 0 0 0 
23:42:43: 0: 0 0 0 0 0 0 0 0 
23:42:44: 0: 0 0 0 0 0 0 0 0 
23:42:45: 0: 0 0 0 0 0 0 0 0 
23:42:46: 0: 0 0 0 0 0 0 0 0 
23:42:47: 0: 0 0 0 0 0 0 0 0 
23:42:48: 0: 0 0 0 0 0 0 0 0 
23:42:49: 0: 0 0 0 0 0 0 0 0 
23:42:50: 0: 0 0 0 0 0 0 0 0 
23:42:51: 0: 0 0 0 0 0 0 0 0 
23:42:52: 0: 0 0 0 0 0 0 0 0 
23:42:53: 0: 0 0 0 0 0 0 0 0 
23:42:54: 0: 0 0 0 0 0 0 0 0 
23:42:55: 0: 0 0 0 0 0 0 0 0 
23:42:56: 0: 0 0 0 0 0 0 0 0 
23:42:57: 0: 0 0 0 0 0 0 0 0 
23:42:58: 0: 0 0 0 0 0 0 0 0 
23:42:59: 0: 0 0 0 0 0 0 0 0 
23:43:00: 0: 0 0 0 0 0 0 0 0 
23:43:01: 0: 0 0 0 0 0 0 0 0 
23:43:02: 0: 0 0 0 0 0 0 0 0 
23:43:03: 0: 0 0 0 0 0 0 0 0 
23:43:04: 0: 0 0 0 0 0 0 0 0 
23:43:05: 0: 0 0 0 0 0 0 0 0 
23:43:42: 16: 5 0 0 0 0 0 0 0 
23:43:43: 0: 0 0 0 0 0 0 0 0 
23:43:44: 0: 0 0 0 0 0 0 0 0 
23:43:45: 0: 0 0 0 0 0 0 0 0 
23:43:46: 0: 0 0 0 0 0 0 0 0 
23:43:47: 0: 0 0 0 0 0 0 0 0 
23:43:48: 0: 0 0 0 0 0 0 0 0 
23:43:49: 0: 0 0 0 0 0 0 0 0 
23:43:50: 0: 0 0 0 0 0 0 0 0 
23:43:51: 0: 0 0 0 0 0 0 0 0 
23:43:52: 0: 0 0 0 0 0 0 0 0 
23:43:53: 0: 0 0 0 0 0 0 0 0 
23:43:54: 0: 0 0 0 0 0 0 0 0 
23:43:55: 0: 0 0 0 0 0 0 0 0 
23:43:56: 0: 0 0 0 0 0 0 0 0 
23:43:57: 0: 0 0 0 0 0 0 0 0 
23:43:58: 0: 0 0 0 0 0 0 0 0 
23:43:59: 0: 0 0 0 0 0 0 0 0 
23:44:00: 0: 0 0 0 0 0 0 0 0 
23:44:01: 0: 0 0 0 0 0 0 0 0 
23:44:02: 0: 0 0 0 0 0 0 0 0 
23:44:03: 0: 0 0 0 0 0 0 0 0 
23:44:04: 0: 0 0 0 0 0 0 0 0 
23:44:05: 0: 0 0 0 0 0 0 0 0 
23:44:06: 0: 0 0 0 0 0 0 0 0 
23:44:07: 0: 0 0 0 0 0 0 0 0 
23:44:08: 0: 0 0 0 0 0 0 0 0 
23:44:09: 0: 0 0 0 0 0 0 0 0 
23:44:10: 0: 0 0 0 0 0 0 0 0 
23:44:11: 0: 0 0 0 0 0 0 0 0 
23:44:12: 0: 0 0 0 0 0 0 0 0 
23:44:13: 0: 0 0 0 0 0 0 0 0 
23:44:14: 0: 0 0 0 0 0 0 0 0 
23:44:15: 0: 0 0 0 0 0 0 0 0 
23:44:16: 0: 0 0 0 0 0 0 0 0 
23:44:17: 0: 0 0 0 0 0 0 0 0 
23:44:18: 0: 0 0 0 0 0 0 0 0 
23:44:19: 0: 0 0 0 0 0 0 0 0 
23:44:20: 0: 0 0 0 0 0 0 0 0 
23:44:21: 0: 0 0 0 0 0 0 0 0 
23:44:22: 0: 0 0 0 0 0 0 0 0 
23:44:23: 0: 0 0 0 0 0 0 0 0 
23:44:24: 0: 0 0 0 0 0 0 0 0 
23:44:32: 16: 5 0 0 0 0 0 0 0 
23:44:33: 0: 0 0 0 0 0 0 0 0 
23:44:34: 0: 0 0 0 0 0 0 0 0 
23:44:35: 0: 0 0 0 0 0 0 0 0 
23:44:36: 0: 0 0 0 0 0 0 0 0 
23:44:37: 16: 5 0 0 0 0 0 0 0 
23:44:38: 0: 0 0 0 0 0 0 0 0 
23:44:39: 0: 0 0 0 0 0 0 0 0 
23:44:40: 0: 0 0 0 0 0 0 0 0 
23:44:41: 0: 0 0 0 0 0 0 0 0 
23:44:42: 0: 0 0 0 0 0 0 0 0 
23:44:43: 0: 0 0 0 0 0 0 0 0 
23:44:44: 0: 0 0 0 0 0 0 0 0 
23:44:45: 0: 0 0 0 0 0 0 0 0 
23:44:46: 0: 0 0 0 0 0 0 0 0 
23:44:47: 0: 0 0 0 0 0 0 0 0 
23:44:48: 0: 0 0 0 0 0 0 0 0 
23:44:49: 0: 0 0 0 0 0 0 0 0 
23:44:50: 0: 0 0 0 0 0 0 0 0 
23:44:51: 0: 0 0 0 0 0 0 0 0 
23:44:52: 0: 0 0 0 0 0 0 0 0 
23:44:53: 0: 0 0 0 0 0 0 0 0 
23:44:54: 0: 0 0 0 0 0 0 0 0 
23:44:55: 0: 0 0 0 0 0 0 0 0 
23:44:56: 0: 0 0 0 0 0 0 0 0 
23:44:57: 0: 0 0 0 0 0 0 0 0 
23:44:58: 0: 0 0 0 0 0 0 0 0 
23:44:59: 0: 0 0 0 0 0 0 0 0 
23:45:00: 0: 0 0 0 0 0 0 0 0 
23:45:01: 0: 0 0 0 0 0 0 0 0 
23:45:02: 0: 0 0 0 0 0 0 0 0 
23:45:03: 0: 0 0 0 0 0 0 0 0 
23:45:04: 0: 0 0 0 0 0 0 0 0 
23:45:05: 0: 0 0 0 0 0 0 0 0 
23:45:06: 0: 0 0 0 0 0 0 0 0 
23:50:11: 16: 5 0 0 0 0 0 0 0 
23:50:12: 0: 0 0 0 0 0 0 0 0 
23:50:13: 0: 0 0 0 0 0 0 0 0 
23:50:14: 0: 0 0 0 0 0 0 0 0 
23:50:15: 0: 0 0 0 0 0 0 0 0 
23:50:16: 0: 0 0 0 0 0 0 0 0 
23:50:17: 0: 0 0 0 0 0 0 0 0 
23:50:18: 0: 0 0 0 0 0 0 0 0 
23:50:19: 0: 0 0 0 0 0 0 0 0 
23:50:20: 0: 0 0 0 0 0 0 0 0 
23:50:21: 0: 0 0 0 0 0 0 0 0 
23:50:22: 0: 0 0 0 0 0 0 0 0 
23:50:23: 0: 0 0 0 0 0 0 0 0 
23:50:24: 0: 0 0 0 0 0 0 0 0 
23:50:25: 0: 0 0 0 0 0 0 0 0 
23:50:26: 0: 0 0 0 0 0 0 0 0 
23:50:27: 0: 0 0 0 0 0 0 0 0 
23:50:28: 0: 0 0 0 0 0 0 0 0 
23:50:29: 0: 0 0 0 0 0 0 0 0 
23:50:30: 0: 0 0 0 0 0 0 0 0 
23:50:31: 0: 0 0 0 0 0 0 0 0 
23:50:32: 0: 0 0 0 0 0 0 0 0 
23:50:33: 0: 0 0 0 0 0 0 0 0 
23:50:34: 0: 0 0 0 0 0 0 0 0 
23:50:35: 0: 0 0 0 0 0 0 0 0 
23:50:36: 0: 0 0 0 0 0 0 0 0 
23:50:37: 0: 0 0 0 0 0 0 0 0 
23:50:38: 0: 0 0 0 0 0 0 0 0 
23:50:39: 0: 0 0 0 0 0 0 0 0 
23:50:40: 0: 0 0 0 0 0 0 0 0 
23:50:41: 0: 0 0 0 0 0 0 0 0 
23:50:42: 0: 0 0 0 0 0 0 0 0 
23:50:43: 0: 0 0 0 0 0 0 0 0 
23:50:44: 0: 0 0 0 0 0 0 0 0 
23:50:45: 0: 0 0 0 0 0 0 0 0 
23:50:46: 0: 0 0 0 0 0 0 0 0 
23:50:47: 0: 0 0 0 0 0 0 0 0 
23:50:48: 0: 0 0 0 0 0 0 0 0 
23:50:49: 0: 0 0 0 0 0 0 0 0 
23:50:50: 0: 0 0 0 0 0 0 0 0 
23:50:51: 0: 0 0 0 0 0 0 0 0 
23:50:52: 0: 0 0 0 0 0 0 0 0 
23:50:53: 0: 0 0 0 0 0 0 0 0 
23:50:54: 0: 0 0 0 0 0 0 0 0 
23:50:55: 0: 0 0 0 0 0 0 0 0 
23:50:56: 0: 0 0 0 0 0 0 0 0 
23:50:57: 0: 0 0 0 0 0 0 0 0 
23:50:58: 0: 0 0 0 0 0 0 0 0 
23:50:59: 0: 0 0 0 0 0 0 0 0 
23:51:00: 0: 0 0 0 0 0 0 0 0 
23:51:01: 0: 0 0 0 0 0 0 0 0 
23:51:02: 0: 0 0 0 0 0 0 0 0 
23:51:03: 0: 0 0 0 0 0 0 0 0 
23:51:04: 0: 0 0 0 0 0 0 0 0 
23:51:05: 0: 0 0 0 0 0 0 0 0 
23:51:06: 0: 0 0 0 0 0 0 0 0 
23:51:07: 0: 0 0 0 0 0 0 0 0 
23:51:08: 0: 0 0 0 0 0 0 0 0 
23:51:09: 0: 0 0 0 0 0 0 0 0 
23:51:10: 0: 0 0 0 0 0 0 0 0 
23:51:11: 0: 0 0 0 0 0 0 0 0 
23:51:12: 0: 0 0 0 0 0 0 0 0 
23:51:13: 0: 0 0 0 0 0 0 0 0 
23:51:14: 0: 0 0 0 0 0 0 0 0 
23:51:15: 0: 0 0 0 0 0 0 0 0 
23:51:16: 0: 0 0 0 0 0 0 0 0 
23:51:17: 0: 0 0 0 0 0 0 0 0 
23:51:18: 0: 0 0 0 0 0 0 0 0 
23:51:19: 0: 0 0 0 0 0 0 0 0 
23:51:20: 0: 0 0 0 0 0 0 0 0 
23:51:21: 0: 0 0 0 0 0 0 0 0 
23:51:22: 0: 0 0 0 0 0 0 0 0 
23:51:23: 0: 0 0 0 0 0 0 0 0 
23:51:24: 0: 0 0 0 0 0 0 0 0 
23:51:25: 0: 0 0 0 0 0 0 0 0 
23:51:26: 0: 0 0 0 0 0 0 0 0 
23:51:27: 0: 0 0 0 0 0 0 0 0 
23:51:28: 0: 0 0 0 0 0 0 0 0 
23:51:29: 0: 0 0 0 0 0 0 0 0 
23:51:30: 0: 0 0 0 0 0 0 0 0 
23:51:31: 0: 0 0 0 0 0 0 0 0 
23:51:32: 0: 0 0 0 0 0 0 0 0 
23:51:33: 0: 0 0 0 0 0 0 0 0 
23:51:34: 0: 0 0 0 0 0 0 0 0 
23:51:35: 0: 0 0 0 0 0 0 0 0 
23:51:36: 0: 0 0 0 0 0 0 0 0 
23:51:37: 0: 0 0 0 0 0 0 0 0 
23:54:09: 0: 0 0 0 0 0 0 0 0 
23:54:10: 0: 0 0 0 0 0 0 0 0 
23:54:11: 0: 0 0 0 0 0 0 0 0 
23:54:12: 0: 0 0 0 0 0 0 0 0 
23:54:13: 0: 0 0 0 0 0 0 0 0 
23:54:14: 0: 0 0 0 0 0 0 0 0 
23:54:15: 0: 0 0 0 0 0 0 0 0 
23:54:16: 0: 0 0 0 0 0 0 0 0 
23:54:17: 0: 0 0 0 0 0 0 0 0 
23:54:18: 0: 0 0 0 0 0 0 0 0 
23:54:19: 0: 0 0 0 0 0 0 0 0 
23:54:20: 0: 0 0 0 0 0 0 0 0 
23:54:21: 0: 0 0 0 0 0 0 0 0 
23:54:22: 0: 0 0 0 0 0 0 0 0 
23:54:23: 0: 0 0 0 0 0 0 0 0 
23:54:24: 0: 0 0 0 0 0 0 0 0 
23:54:25: 0: 0 0 0 0 0 0 0 0 
23:54:26: 0: 0 0 0 0 0 0 0 0 
23:54:27: 0: 0 0 0 0 0 0 0 0 
23:54:28: 0: 0 0 0 0 0 0 0 0 
23:54:29: 0: 0 0 0 0 0 0 0 0 
23:54:30: 0: 0 0 0 0 0 0 0 0 
23:54:31: 0: 0 0 0 0 0 0 0 0 
23:54:32: 0: 0 0 0 0 0 0 0 0 
23:54:33: 0: 0 0 0 0 0 0 0 0 
23:54:34: 0: 0 0 0 0 0 0 0 0 
23:54:35: 0: 0 0 0 0 0 0 0 0 
23:54:36: 0: 0 0 0 0 0 0 0 0 
23:54:38: 0: 0 0 0 0 0 0 0 0 
23:54:39: 0: 0 0 0 0 0 0 0 0 
23:54:40: 0: 0 0 0 0 0 0 0 0 
23:54:41: 0: 0 0 0 0 0 0 0 0 
23:54:42: 0: 0 0 0 0 0 0 0 0 
23:54:43: 0: 0 0 0 0 0 0 0 0 
23:54:44: 0: 0 0 0 0 0 0 0 0 
23:54:45: 0: 0 0 0 0 0 0 0 0 
23:54:46: 0: 0 0 0 0 0 0 0 0 
23:54:47: 0: 0 0 0 0 0 0 0 0 
23:54:48: 0: 0 0 0 0 0 0 0 0 
23:54:49: 0: 0 0 0 0 0 0 0 0 
23:55:54: 0: 0 0 0 0 0 0 0 0 
23:55:55: 0: 0 0 0 0 0 0 0 0 
23:55:56: 0: 0 0 0 0 0 0 0 0 
23:55:57: 0: 0 0 0 0 0 0 0 0 
23:55:58: 0: 0 0 0 0 0 0 0 0 
23:55:59: 0: 0 0 0 0 0 0 0 0 
23:56:00: 0: 0 0 0 0 0 0 0 0 
23:56:01: 0: 0 0 0 0 0 0 0 0 
23:56:02: 0: 0 0 0 0 0 0 0 0 
23:56:03: 0: 0 0 0 0 0 0 0 0 
23:56:04: 0: 0 0 0 0 0 0 0 0 
23:56:05: 0: 0 0 0 0 0 0 0 0 
23:56:06: 0: 0 0 0 0 0 0 0 0 
23:56:07: 0: 0 0 0 0 0 0 0 0 
23:56:08: 0: 0 0 0 0 0 0 0 0 
23:56:09: 0: 0 0 0 0 0 0 0 0 
23:56:11: 0: 0 0 0 0 0 0 0 0 
23:56:12: 0: 0 0 0 0 0 0 0 0 
23:56:13: 0: 0 0 0 0 0 0 0 0 
23:56:14: 0: 0 0 0 0 0 0 0 0 
23:56:15: 0: 0 0 0 0 0 0 0 0 
23:56:16: 0: 0 0 0 0 0 0 0 0 
23:56:17: 0: 0 0 0 0 0 0 0 0 
23:56:18: 0: 0 0 0 0 0 0 0 0 
23:56:19: 0: 0 0 0 0 0 0 0 0 
23:56:20: 0: 0 0 0 0 0 0 0 0 
23:56:21: 0: 0 0 0 0 0 0 0 0 
23:56:22: 0: 0 0 0 0 0 0 0 0 
23:56:29: 4: 19 0 3 0 0 0 0 0 
23:56:30: 0: 0 0 0 0 0 0 0 0 
23:56:31: 0: 0 0 0 0 0 0 0 0 
23:56:32: 0: 0 0 0 0 0 0 0 0 
23:56:33: 0: 0 0 0 0 0 0 0 0 
23:56:34: 0: 0 0 0 0 0 0 0 0 
23:56:35: 0: 0 0 0 0 0 0 0 0 
23:56:36: 0: 0 0 0 0 0 0 0 0 
23:56:37: 0: 0 0 0 0 0 0 0 0 
23:56:38: 0: 0 0 0 0 0 0 0 0 
23:56:39: 0: 0 0 0 0 0 0 0 0 
23:56:40: 0: 0 0 0 0 0 0 0 0 
23:56:41: 0: 0 0 0 0 0 0 0 0 
23:56:42: 0: 0 0 0 0 0 0 0 0 
23:56:43: 0: 0 0 0 0 0 0 0 0 
23:56:44: 0: 0 0 0 0 0 0 0 0 
23:56:45: 0: 0 0 0 0 0 0 0 0 
23:56:46: 0: 0 0 0 0 0 0 0 0 
23:56:47: 0: 0 0 0 0 0 0 0 0 
23:56:48: 0: 0 0 0 0 0 0 0 0 
23:56:49: 0: 0 0 0 0 0 0 0 0 
23:56:50: 0: 0 0 0 0 0 0 0 0 
23:56:51: 0: 0 0 0 0 0 0 0 0 
23:56:52: 0: 0 0 0 0 0 0 0 0 
23:56:53: 0: 0 0 0 0 0 0 0 0 
23:56:54: 0: 0 0 0 0 0 0 0 0 
23:56:55: 0: 0 0 0 0 0 0 0 0 
23:56:56: 0: 0 0 0 0 0 0 0 0 
23:56:57: 0: 0 0 0 0 0 0 0 0 
23:56:58: 0: 0 0 0 0 0 0 0 0 
23:56:59: 0: 0 0 0 0 0 0 0 0 
23:57:00: 0: 0 0 0 0 0 0 0 0 
23:57:01: 0: 0 0 0 0 0 0 0 0 
23:57:02: 0: 0 0 0 0 0 0 0 0 
23:57:03: 0: 0 0 0 0 0 0 0 0 
23:57:04: 0: 0 0 0 0 0 0 0 0 
23:57:05: 0: 0 0 0 0 0 0 0 0 
23:57:06: 0: 0 0 0 0 0 0 0 0 
23:57:07: 0: 0 0 0 0 0 0 0 0 
23:57:08: 0: 0 0 0 0 0 0 0 0 
23:57:09: 0: 0 0 0 0 0 0 0 0 
23:57:10: 0: 0 0 0 0 0 0 0 0 
23:57:11: 0: 0 0 0 0 0 0 0 0 
23:57:12: 0: 0 0 0 0 0 0 0 0 
23:57:13: 0: 0 0 0 0 0 0 0 0 
23:57:14: 0: 0 0 0 0 0 0 0 0 
23:57:15: 0: 0 0 0 0 0 0 0 0 
23:59:05: 16: 0 0 0 0 0 0 0 0 
23:59:06: 16: 0 0 0 0 0 0 0 0 
23:59:07: 16: 0 0 0 0 0 0 0 0 
23:59:08: 16: 0 0 0 0 0 0 0 0 
23:59:09: 16: 0 0 0 0 0 0 0 0 
23:59:10: 16: 0 0 0 0 0 0 0 0 
23:59:11: 16: 0 0 0 0 0 0 0 0 
23:59:12: 16: 0 0 0 0 0 0 0 0 
23:59:13: 16: 0 0 0 0 0 0 0 0 
23:59:14: 16: 0 0 0 0 0 0 0 0 
23:59:15: 16: 0 0 0 0 0 0 0 0 
23:59:16: 16: 0 0 0 0 0 0 0 0 
23:59:17: 16: 0 0 0 0 0 0 0 0 
23:59:18: 16: 0 0 0 0 0 0 0 0 
23:59:19: 16: 0 0 0 0 0 0 0 0 
23:59:20: 4: 49 0 24 0 0 0 0 0 
23:59:21: 4: 89 0 69 0 0 0 0 0 
23:59:22: 4: 79 0 24 0 0 0 0 0 
23:59:23: 4: 97 0 97 0 0 0 0 0 
23:59:24: 4: 45 0 21 0 0 0 0 0 
23:59:25: 4: 50 0 14 0 0 0 0 0 
23:59:26: 4: 94 0 82 0 0 0 0 0 
23:59:27: 4: 62 0 26 0 0 0 0 0 
23:59:28: 4: 62 0 28 0 0 0 0 0 
23:59:29: 4: 87 0 80 0 0 0 0 0 
23:59:30: 1: 0 150 0 0 0 0 0 0 
23:59:31: 1: 0 150 0 0 0 0 0 0 
23:59:32: 1: 0 150 0 0 0 0 0 0 
23:59:33: 1: 0 150 0 0 0 0 0 0 
23:59:34: 1: 0 150 0 0 0 0 0 0 
23:59:35: 1: 0 150 0 0 0 0 0 0 
23:59:36: 1: 0 150 0 0 0 0 0 0 
23:59:37: 1: 0 150 0 0 0 0 0 0 
23:59:38: 1: 0 150 0 0 0 0 0 0 
23:59:39: 1: 0 150 0 0 0 0 0 0 
23:59:40: 1: 0 150 0 0 0 0 0 0 
23:59:41: 1: 0 150 0 0 0 0 0 0 
23:59:42: 1: 0 150 0 0 0 0 0 0 
23:59:43: 1: 0 150 0 0 0 0 0 0 
23:59:44: 1: 0 150 0 0 0 0 0 0 
23:59:45: 1: 0 150 0 0 0 0 0 0 
23:59:46: 16: 0 0 0 0 0 0 0 0 
23:59:47: 1: 0 150 0 0 0 0 0 0 
23:59:48: 1: 0 150 0 0 0 0 0 0 
23:59:49: 1: 0 150 0 0 0 0 0 0 
23:59:50: 1: 0 150 0 0 0 0 0 0 
23:59:51: 1: 0 150 0 0 0 0 0 0 
23:59:52: 1: 0 150 0 0 0 0 0 0 
23:59:53: 1: 0 150 0 0 0 0 0 0 
23:59:54: 1: 0 150 0 0 0 0 0 0 
23:59:55: 1: 0 150 0 0 0 0 0 0 
23:59:56: 1: 0 150 0 0 0 0 0 0 
23:59:57: 1: 0 150 0 0 0 0 0 0 
23:59:58: 1: 0 150 0 0 0 0 0 0 
23:59:59: 1: 0 150 0 0 0 0 0 0 
00:00:00: 1: 0 150 0 0 0 0 0 0 
00:00:01: 1: 0 150 0 0 0 0 0 0 
00:00:02: 1: 0 150 0 0 0 0 0 0 
00:00:03: 1: 0 150 0 0 0 0 0 0 
00:00:04: 1: 0 150 0 0 0 0 0 0 
00:00:05: 1: 0 150 0 0 0 0 0 0 
00:03:18: 0: 0 0 0 0 0 0 0 0 
00:03:19: 0: 0 0 0 0 0 0 0 0 
00:03:20: 0: 0 0 0 0 0 0 0 0 
00:03:21: 0: 0 0 0 0 0 0 0 0 
00:03:22: 0: 0 0 0 0 0 0 0 0 
00:03:23: 0: 0 0 0 0 0 0 0 0 
00:03:24: 0: 0 0 0 0 0 0 0 0 
00:03:25: 0: 0 0 0 0 0 0 0 0 
00:03:26: 0: 0 0 0 0 0 0 0 0 
00:03:27: 0: 0 0 0 0 0 0 0 0 
00:03:28: 0: 0 0 0 0 0 0 0 0 
00:03:29: 0: 0 0 0 0 0 0 0 0 
00:03:30: 0: 0 0 0 0 0 0 0 0 
00:03:31: 0: 0 0 0 0 0 0 0 0 
00:03:32: 0: 0 0 0 0 0 0 0 0 
00:03:33: 0: 0 0 0 0 0 0 0 0 
00:03:34: 0: 0 0 0 0 0 0 0 0 
00:03:35: 0: 0 0 0 0 0 0 0 0 
00:03:36: 0: 0 0 0 0 0 0 0 0 
00:03:37: 0: 0 0 0 0 0 0 0 0 
00:03:38: 0: 0 0 0 0 0 0 0 0 
00:03:39: 0: 0 0 0 0 0 0 0 0 
00:03:40: 0: 0 0 0 0 0 0 0 0 
00:03:41: 0: 0 0 0 0 0 0 0 0 
00:03:42: 0: 0 0 0 0 0 0 0 0 
00:03:43: 0: 0 0 0 0 0 0 0 0 
00:03:44: 0: 0 0 0 0 0 0 0 0 
00:03:45: 0: 0 0 0 0 0 0 0 0 
00:03:46: 0: 0 0 0 0 0 0 0 0 
00:03:47: 0: 0 0 0 0 0 0 0 0 
00:03:48: 0: 0 0 0 0 0 0 0 0 
00:03:49: 0: 0 0 0 0 0 0 0 0 
00:03:50: 0: 0 0 0 0 0 0 0 0 
00:03:51: 0: 0 0 0 0 0 0 0 0 
00:03:52: 0: 0 0 0 0 0 0 0 0 
00:03:53: 0: 0 0 0 0 0 0 0 0 
00:03:54: 0: 0 0 0 0 0 0 0 0 
00:03:55: 0: 0 0 0 0 0 0 0 0 
00:03:56: 0: 0 0 0 0 0 0 0 0 
00:03:57: 0: 0 0 0 0 0 0 0 0 
00:03:58: 0: 0 0 0 0 0 0 0 0 
00:03:59: 0: 0 0 0 0 0 0 0 0 
00:04:00: 0: 0 0 0 0 0 0 0 0 
00:04:01: 0: 0 0 0 0 0 0 0 0 
00:04:02: 0: 0 0 0 0 0 0 0 0 
00:04:03: 0: 0 0 0 0 0 0 0 0 
00:04:04: 16: 0 0 0 0 0 0 0 0 
00:04:05: 0: 0 0 0 0 0 0 0 0 
00:04:06: 0: 0 0 0 0 0 0 0 0 
00:04:07: 0: 0 0 0 0 0 0 0 0 
00:04:08: 0: 0 0 0 0 0 0 0 0 
00:04:09: 0: 0 0 0 0 0 0 0 0 
00:04:10: 0: 0 0 0 0 0 0 0 0 
00:04:11: 0: 0 0 0 0 0 0 0 0 
00:04:12: 0: 0 0 0 0 0 0 0 0 
00:04:13: 0: 0 0 0 0 0 0 0 0 
00:04:14: 0: 0 0 0 0 0 0 0 0 
00:04:15: 0: 0 0 0 0 0 0 0 0 
00:04:16: 0: 0 0 0 0 0 0 0 0 
00:04:17: 0: 0 0 0 0 0 0 0 0 
00:04:18: 0: 0 0 0 0 0 0 0 0 
00:04:19: 0: 0 0 0 0 0 0 0 0 
00:04:20: 0: 0 0 0 0 0 0 0 0 
00:04:21: 0: 0 0 0 0 0 0 0 0 
00:04:22: 0: 0 0 0 0 0 0 0 0 
00:04:23: 0: 0 0 0 0 0 0 0 0 
00:04:24: 0: 0 0 0 0 0 0 0 0 
00:04:25: 0: 0 0 0 0 0 0 0 0 
00:04:26: 0: 0 0 0 0 0 0 0 0 
00:04:27: 0: 0 0 0 0 0 0 0 0 
00:04:28: 0: 0 0 0 0 0 0 0 0 
00:04:29: 0: 0 0 0 0 0 0 0 0 
00:04:30: 0: 0 0 0 0 0 0 0 0 
00:04:31: 0: 0 0 0 0 0 0 0 0 
00:04:32: 0: 0 0 0 0 0 0 0 0 
00:04:33: 0: 0 0 0 0 0 0 0 0 
00:04:34: 0: 0 0 0 0 0 0 0 0 
00:04:35: 0: 0 0 0 0 0 0 0 0 
00:04:36: 0: 0 0 0 0 0 0 0 0 
00:04:37: 0: 0 0 0 0 0 0 0 0 
00:04:38: 0: 0 0 0 0 0 0 0 0 
00:04:39: 0: 0 0 0 0 0 0 0 0 
00:04:40: 0: 0 0 0 0 0 0 0 0 
00:04:41: 0: 0 0 0 0 0 0 0 0 
00:04:42: 0: 0 0 0 0 0 0 0 0 
00:04:43: 0: 0 0 0 0 0 0 0 0 
00:04:44: 0: 0 0 0 0 0 0 0 0 
00:04:45: 0: 0 0 0 0 0 0 0 0 
00:04:46: 0: 0 0 0 0 0 0 0 0 
00:04:47: 0: 0 0 0 0 0 0 0 0 
00:04:48: 0: 0 0 0 0 0 0 0 0 
00:04:49: 0: 0 0 0 0 0 0 0 0 
00:04:50: 0: 0 0 0 0 0 0 0 0 
00:04:56: 0: 0 0 0 0 0 0 0 0 
00:04:57: 0: 0 0 0 0 0 0 0 0 
00:04:58: 0: 0 0 0 0 0 0 0 0 
00:04:59: 0: 0 0 0 0 0 0 0 0 
00:05:00: 0: 0 0 0 0 0 0 0 0 
00:05:01: 0: 0 0 0 0 0 0 0 0 
00:05:02: 0: 0 0 0 0 0 0 0 0 
00:05:03: 0: 0 0 0 0 0 0 0 0 
00:05:04: 0: 0 0 0 0 0 0 0 0 
00:05:05: 0: 0 0 0 0 0 0 0 0 
00:05:06: 0: 0 0 0 0 0 0 0 0 
00:05:07: 0: 0 0 0 0 0 0 0 0 
00:05:08: 0: 0 0 0 0 0 0 0 0 
00:05:09: 0: 0 0 0 0 0 0 0 0 
00:05:10: 0: 0 0 0 0 0 0 0 0 
00:05:11: 0: 0 0 0 0 0 0 0 0 
00:05:12: 0: 0 0 0 0 0 0 0 0 
00:05:13: 0: 0 0 0 0 0 0 0 0 
00:05:14: 0: 0 0 0 0 0 0 0 0 
00:05:15: 0: 0 0 0 0 0 0 0 0 
00:05:16: 0: 0 0 0 0 0 0 0 0 
00:05:17: 0: 0 0 0 0 0 0 0 0 
00:05:18: 0: 0 0 0 0 0 0 0 0 
00:05:19: 0: 0 0 0 0 0 0 0 0 
00:05:20: 0: 0 0 0 0 0 0 0 0 
00:05:21: 0: 0 0 0 0 0 0 0 0 
00:05:22: 0: 0 0 0 0 0 0 0 0 
00:05:23: 0: 0 0 0 0 0 0 0 0 
00:05:24: 0: 0 0 0 0 0 0 0 0 
00:05:25: 0: 0 0 0 0 0 0 0 0 
00:05:26: 0: 0 0 0 0 0 0 0 0 
00:05:27: 0: 0 0 0 0 0 0 0 0 
00:05:28: 0: 0 0 0 0 0 0 0 0 
00:05:29: 0: 0 0 0 0 0 0 0 0 
00:05:30: 0: 0 0 0 0 0 0 0 0 
00:05:31: 0: 0 0 0 0 0 0 0 0 
00:05:32: 0: 0 0 0 0 0 0 0 0 
00:05:33: 0: 0 0 0 0 0 0 0 0 
00:05:34: 0: 0 0 0 0 0 0 0 0 
00:05:35: 0: 0 0 0 0 0 0 0 0 
00:05:36: 0: 0 0 0 0 0 0 0 0 
00:05:37: 0: 0 0 0 0 0 0 0 0 
00:05:38: 0: 0 0 0 0 0 0 0 0 
00:05:39: 0: 0 0 0 0 0 0 0 0 
00:05:40: 0: 0 0 0 0 0 0 0 0 
00:05:41: 0: 0 0 0 0 0 0 0 0 
00:05:42: 0: 0 0 0 0 0 0 0 0 
00:05:43: 0: 0 0 0 0 0 0 0 0 
00:05:44: 0: 0 0 0 0 0 0 0 0 
00:05:45: 0: 0 0 0 0 0 0 0 0 
00:05:46: 0: 0 0 0 0 0 0 0 0 
00:05:47: 0: 0 0 0 0 0 0 0 0 
00:05:48: 0: 0 0 0 0 0 0 0 0 
00:05:49: 0: 0 0 0 0 0 0 0 0 
00:05:50: 0: 0 0 0 0 0 0 0 0 
00:05:51: 0: 0 0 0 0 0 0 0 0 
00:05:52: 0: 0 0 0 0 0 0 0 0 
00:05:53: 0: 0 0 0 0 0 0 0 0 
00:05:54: 0: 0 0 0 0 0 0 0 0 
00:05:55: 0: 0 0 0 0 0 0 0 0 
00:05:56: 4: 70 0 65 0 0 0 0 0 
00:05:57: 0: 0 0 0 0 0 0 0 0 
00:05:58: 0: 0 0 0 0 0 0 0 0 
00:05:59: 0: 0 0 0 0 0 0 0 0 
00:06:00: 0: 0 0 0 0 0 0 0 0 
00:06:01: 0: 0 0 0 0 0 0 0 0 
00:06:02: 0: 0 0 0 0 0 0 0 0 
00:06:03: 0: 0 0 0 0 0 0 0 0 
00:06:04: 0: 0 0 0 0 0 0 0 0 
00:06:05: 0: 0 0 0 0 0 0 0 0 
00:06:06: 0: 0 0 0 0 0 0 0 0 
00:06:07: 0: 0 0 0 0 0 0 0 0 
00:06:08: 0: 0 0 0 0 0 0 0 0 
00:06:09: 0: 0 0 0 0 0 0 0 0 
00:06:10: 0: 0 0 0 0 0 0 0 0 
00:06:11: 0: 0 0 0 0 0 0 0 0 
00:06:12: 0: 0 0 0 0 0 0 0 0 
00:06:13: 0: 0 0 0 0 0 0 0 0 
00:06:14: 0: 0 0 0 0 0 0 0 0 
00:06:16: 0: 0 0 0 0 0 0 0 0 
00:06:17: 0: 0 0 0 0 0 0 0 0 
00:06:18: 0: 0 0 0 0 0 0 0 0 
00:06:19: 0: 0 0 0 0 0 0 0 0 
00:06:20: 0: 0 0 0 0 0 0 0 0 
00:06:21: 0: 0 0 0 0 0 0 0 0 
00:06:22: 0: 0 0 0 0 0 0 0 0 
00:06:23: 0: 0 0 0 0 0 0 0 0 
00:06:24: 0: 0 0 0 0 0 0 0 0 
00:06:25: 0: 0 0 0 0 0 0 0 0 
00:06:26: 0: 0 0 0 0 0 0 0 0 
00:06:27: 0: 0 0 0 0 0 0 0 0 
00:06:28: 0: 0 0 0 0 0 0 0 0 
00:06:29: 0: 0 0 0 0 0 0 0 0 
00:06:30: 0: 0 0 0 0 0 0 0 0 
00:06:31: 0: 0 0 0 0 0 0 0 0 
00:06:32: 0: 0 0 0 0 0 0 0 0 
00:06:33: 0: 0 0 0 0 0 0 0 0 
00:06:34: 0: 0 0 0 0 0 0 0 0 
00:06:35: 0: 0 0 0 0 0 0 0 0 
00:06:36: 0: 0 0 0 0 0 0 0 0 
00:06:37: 0: 0 0 0 0 0 0 0 0 
00:06:38: 0: 0 0 0 0 0 0 0 0 
00:06:39: 0: 0 0 0 0 0 0 0 0 
00:06:40: 0: 0 0 0 0 0 0 0 0 
00:06:41: 0: 0 0 0 0 0 0 0 0 
00:06:42: 0: 0 0 0 0 0 0 0 0 
00:06:43: 0: 0 0 0 0 0 0 0 0 
00:06:44: 0: 0 0 0 0 0 0 0 0 
00:06:45: 0: 0 0 0 0 0 0 0 0 
00:06:46: 0: 0 0 0 0 0 0 0 0 
00:06:47: 0: 0 0 0 0 0 0 0 0 
00:06:48: 0: 0 0 0 0 0 0 0 0 
00:06:49: 0: 0 0 0 0 0 0 0 0 
00:06:50: 0: 0 0 0 0 0 0 0 0 
00:06:51: 0: 0 0 0 0 0 0 0 0 
00:06:52: 0: 0 0 0 0 0 0 0 0 
00:06:53: 0: 0 0 0 0 0 0 0 0 
00:06:54: 0: 0 0 0 0 0 0 0 0 
00:06:55: 0: 0 0 0 0 0 0 0 0 
00:06:56: 0: 0 0 0 0 0 0 0 0 
00:06:57: 0: 0 0 0 0 0 0 0 0 
00:06:58: 0: 0 0 0 0 0 0 0 0 
00:06:59: 0: 0 0 0 0 0 0 0 0 
00:07:00: 0: 0 0 0 0 0 0 0 0 
00:07:01: 0: 0 0 0 0 0 0 0 0 
00:07:02: 0: 0 0 0 0 0 0 0 0 
00:07:03: 0: 0 0 0 0 0 0 0 0 
00:07:04: 0: 0 0 0 0 0 0 0 0 
00:07:05: 0: 0 0 0 0 0 0 0 0 
00:07:06: 0: 0 0 0 0 0 0 0 0 
00:07:07: 0: 0 0 0 0 0 0 0 0 
00:07:08: 0: 0 0 0 0 0 0 0 0 
00:07:09: 0: 0 0 0 0 0 0 0 0 
00:07:10: 0: 0 0 0 0 0 0 0 0 
00:07:16: 16: 5 0 0 0 0 0 0 0 
00:07:17: 0: 0 0 0 0 0 0 0 0 
00:07:18: 0: 0 0 0 0 0 0 0 0 
00:07:19: 0: 0 0 0 0 0 0 0 0 
00:07:20: 0: 0 0 0 0 0 0 0 0 
00:07:21: 0: 0 0 0 0 0 0 0 0 
00:07:22: 0: 0 0 0 0 0 0 0 0 
00:07:23: 0: 0 0 0 0 0 0 0 0 
00:07:24: 0: 0 0 0 0 0 0 0 0 
00:07:25: 0: 0 0 0 0 0 0 0 0 
00:07:26: 0: 0 0 0 0 0 0 0 0 
00:07:27: 0: 0 0 0 0 0 0 0 0 
00:07:28: 0: 0 0 0 0 0 0 0 0 
00:07:29: 0: 0 0 0 0 0 0 0 0 
00:07:30: 0: 0 0 0 0 0 0 0 0 
00:07:31: 0: 0 0 0 0 0 0 0 0 
00:07:32: 0: 0 0 0 0 0 0 0 0 
00:07:33: 0: 0 0 0 0 0 0 0 0 
00:07:34: 0: 0 0 0 0 0 0 0 0 
00:07:35: 0: 0 0 0 0 0 0 0 0 
00:07:36: 0: 0 0 0 0 0 0 0 0 
00:07:37: 0: 0 0 0 0 0 0 0 0 
00:07:38: 0: 0 0 0 0 0 0 0 0 
00:07:39: 0: 0 0 0 0 0 0 0 0 
00:07:40: 0: 0 0 0 0 0 0 0 0 
00:07:41: 0: 0 0 0 0 0 0 0 0 
00:07:42: 0: 0 0 0 0 0 0 0 0 
00:07:43: 0: 0 0 0 0 0 0 0 0 
00:07:44: 0: 0 0 0 0 0 0 0 0 
00:07:45: 0: 0 0 0 0 0 0 0 0 
00:07:46: 0: 0 0 0 0 0 0 0 0 
00:07:47: 0: 0 0 0 0 0 0 0 0 
00:07:48: 0: 0 0 0 0 0 0 0 0 
00:07:49: 0: 0 0 0 0 0 0 0 0 
00:07:50: 0: 0 0 0 0 0 0 0 0 
00:07:51: 0: 0 0 0 0 0 0 0 0 
00:07:52: 0: 0 0 0 0 0 0 0 0 
00:07:53: 0: 0 0 0 0 0 0 0 0 
00:07:54: 0: 0 0 0 0 0 0 0 0 
00:07:55: 0: 0 0 0 0 0 0 0 0 
00:07:56: 0: 0 0 0 0 0 0 0 0 
00:07:57: 0: 0 0 0 0 0 0 0 0 
00:07:58: 0: 0 0 0 0 0 0 0 0 
00:07:59: 0: 0 0 0 0 0 0 0 0 
00:08:00: 0: 0 0 0 0 0 0 0 0 
00:08:01: 0: 0 0 0 0 0 0 0 0 
00:08:02: 0: 0 0 0 0 0 0 0 0 
00:08:03: 0: 0 0 0 0 0 0 0 0 
00:08:04: 0: 0 0 0 0 0 0 0 0 
00:08:05: 0: 0 0 0 0 0 0 0 0 
00:08:06: 0: 0 0 0 0 0 0 0 0 
00:08:07: 0: 0 0 0 0 0 0 0 0 
00:08:08: 0: 0 0 0 0 0 0 0 0 
00:08:09: 0: 0 0 0 0 0 0 0 0 
00:08:10: 0: 0 0 0 0 0 0 0 0 
00:08:11: 0: 0 0 0 0 0 0 0 0 
00:08:12: 0: 0 0 0 0 0 0 0 0 
00:08:13: 0: 0 0 0 0 0 0 0 0 
00:08:14: 0: 0 0 0 0 0 0 0 0 
00:08:15: 0: 0 0 0 0 0 0 0 0 
00:08:16: 0: 0 0 0 0 0 0 0 0 
00:08:17: 0: 0 0 0 0 0 0 0 0 
00:08:18: 0: 0 0 0 0 0 0 0 0 
00:08:19: 0: 0 0 0 0 0 0 0 0 
00:08:20: 0: 0 0 0 0 0 0 0 0 
00:08:21: 0: 0 0 0 0 0 0 0 0 
00:08:22: 0: 0 0 0 0 0 0 0 0 
00:08:23: 0: 0 0 0 0 0 0 0 0 
00:08:24: 0: 0 0 0 0 0 0 0 0 
00:08:25: 0: 0 0 0 0 0 0 0 0 
00:08:26: 0: 0 0 0 0 0 0 0 0 
00:08:27: 0: 0 0 0 0 0 0 0 0 
00:08:28: 0: 0 0 0 0 0 0 0 0 
00:08:29: 0: 0 0 0 0 0 0 0 0 
00:08:30: 0: 0 0 0 0 0 0 0 0 
00:08:31: 0: 0 0 0 0 0 0 0 0 
00:08:32: 0: 0 0 0 0 0 0 0 0 
00:08:33: 0: 0 0 0 0 0 0 0 0 
00:08:34: 0: 0 0 0 0 0 0 0 0 
00:08:35: 0: 0 0 0 0 0 0 0 0 
00:08:36: 0: 0 0 0 0 0 0 0 0 
00:08:37: 0: 0 0 0 0 0 0 0 0 
00:08:38: 0: 0 0 0 0 0 0 0 0 
00:08:39: 0: 0 0 0 0 0 0 0 0 
00:08:40: 0: 0 0 0 0 0 0 0 0 
00:08:41: 0: 0 0 0 0 0 0 0 0 
00:08:42: 0: 0 0 0 0 0 0 0 0 
00:08:43: 0: 0 0 0 0 0 0 0 0 
00:08:44: 0: 0 0 0 0 0 0 0 0 
00:08:45: 0: 0 0 0 0 0 0 0 0 
00:08:46: 0: 0 0 0 0 0 0 0 0 
00:08:47: 0: 0 0 0 0 0 0 0 0 
00:08:48: 0: 0 0 0 0 0 0 0 0 
00:08:49: 0: 0 0 0 0 0 0 0 0 
00:08:50: 0: 0 0 0 0 0 0 0 0 
00:08:51: 0: 0 0 0 0 0 0 0 0 
00:08:52: 0: 0 0 0 0 0 0 0 0 
00:08:53: 0: 0 0 0 0 0 0 0 0 
00:08:54: 0: 0 0 0 0 0 0 0 0 
00:08:55: 0: 0 0 0 0 0 0 0 0 
00:08:56: 0: 0 0 0 0 0 0 0 0 
00:08:57: 0: 0 0 0 0 0 0 0 0 
00:08:58: 0: 0 0 0 0 0 0 0 0 
00:08:59: 0: 0 0 0 0 0 0 0 0 
00:09:00: 0: 0 0 0 0 0 0 0 0 
00:09:01: 0: 0 0 0 0 0 0 0 0 
00:09:02: 0: 0 0 0 0 0 0 0 0 
00:09:03: 0: 0 0 0 0 0 0 0 0 
00:09:04: 0: 0 0 0 0 0 0 0 0 
00:09:05: 0: 0 0 0 0 0 0 0 0 
00:09:06: 0: 0 0 0 0 0 0 0 0 
00:09:07: 0: 0 0 0 0 0 0 0 0 
00:09:08: 0: 0 0 0 0 0 0 0 0 
00:09:09: 0: 0 0 0 0 0 0 0 0 
00:09:10: 0: 0 0 0 0 0 0 0 0 
00:09:11: 0: 0 0 0 0 0 0 0 0 
00:09:12: 0: 0 0 0 0 0 0 0 0 
00:09:13: 0: 0 0 0 0 0 0 0 0 
00:09:14: 0: 0 0 0 0 0 0 0 0 
00:09:15: 0: 0 0 0 0 0 0 0 0 
00:09:16: 0: 0 0 0 0 0 0 0 0 
00:09:17: 0: 0 0 0 0 0 0 0 0 
00:09:18: 0: 0 0 0 0 0 0 0 0 
00:09:19: 0: 0 0 0 0 0 0 0 0 
00:09:20: 0: 0 0 0 0 0 0 0 0 
00:09:21: 0: 0 0 0 0 0 0 0 0 
00:09:22: 0: 0 0 0 0 0 0 0 0 
00:09:23: 0: 0 0 0 0 0 0 0 0 
00:09:24: 0: 0 0 0 0 0 0 0 0 
00:09:25: 0: 0 0 0 0 0 0 0 0 
00:09:26: 0: 0 0 0 0 0 0 0 0 
00:09:27: 0: 0 0 0 0 0 0 0 0 
00:09:28: 0: 0 0 0 0 0 0 0 0 
00:09:29: 0: 0 0 0 0 0 0 0 0 
00:09:30: 0: 0 0 0 0 0 0 0 0 
00:09:31: 0: 0 0 0 0 0 0 0 0 
00:09:32: 0: 0 0 0 0 0 0 0 0 
00:09:33: 0: 0 0 0 0 0 0 0 0 
00:09:34: 0: 0 0 0 0 0 0 0 0 
00:09:35: 0: 0 0 0 0 0 0 0 0 
00:09:36: 0: 0 0 0 0 0 0 0 0 
00:09:37: 0: 0 0 0 0 0 0 0 0 
00:09:38: 0: 0 0 0 0 0 0 0 0 
00:09:39: 0: 0 0 0 0 0 0 0 0 
00:09:40: 0: 0 0 0 0 0 0 0 0 
00:09:41: 0: 0 0 0 0 0 0 0 0 
00:09:42: 0: 0 0 0 0 0 0 0 0 
00:09:43: 0: 0 0 0 0 0 0 0 0 
00:09:44: 4: 70 0 65 0 0 0 0 0 
00:09:45: 0: 0 0 0 0 0 0 0 0 
00:09:46: 0: 0 0 0 0 0 0 0 0 
00:09:47: 0: 0 0 0 0 0 0 0 0 
00:09:48: 0: 0 0 0 0 0 0 0 0 
00:09:49: 0: 0 0 0 0 0 0 0 0 
00:09:50: 0: 0 0 0 0 0 0 0 0 
00:09:51: 0: 0 0 0 0 0 0 0 0 
00:10:47: 0: 0 0 0 0 0 0 0 0 
00:10:48: 0: 0 0 0 0 0 0 0 0 
00:10:49: 0: 0 0 0 0 0 0 0 0 
00:10:50: 0: 0 0 0 0 0 0 0 0 
00:10:51: 0: 0 0 0 0 0 0 0 0 
00:10:52: 0: 0 0 0 0 0 0 0 0 
00:10:53: 0: 0 0 0 0 0 0 0 0 
00:10:54: 0: 0 0 0 0 0 0 0 0 
00:10:55: 0: 0 0 0 0 0 0 0 0 
00:10:56: 0: 0 0 0 0 0 0 0 0 
00:10:57: 0: 0 0 0 0 0 0 0 0 
00:10:58: 0: 0 0 0 0 0 0 0 0 
00:10:59: 0: 0 0 0 0 0 0 0 0 
00:11:00: 0: 0 0 0 0 0 0 0 0 
00:11:01: 0: 0 0 0 0 0 0 0 0 
00:11:02: 0: 0 0 0 0 0 0 0 0 
00:11:03: 0: 0 0 0 0 0 0 0 0 
00:11:04: 0: 0 0 0 0 0 0 0 0 
00:11:05: 0: 0 0 0 0 0 0 0 0 
00:11:06: 0: 0 0 0 0 0 0 0 0 
00:11:07: 0: 0 0 0 0 0 0 0 0 
00:11:08: 0: 0 0 0 0 0 0 0 0 
00:11:09: 0: 0 0 0 0 0 0 0 0 
00:11:10: 0: 0 0 0 0 0 0 0 0 
00:11:11: 0: 0 0 0 0 0 0 0 0 
00:11:12: 0: 0 0 0 0 0 0 0 0 
00:11:13: 0: 0 0 0 0 0 0 0 0 
00:11:14: 0: 0 0 0 0 0 0 0 0 
00:11:15: 0: 0 0 0 0 0 0 0 0 
00:11:16: 0: 0 0 0 0 0 0 0 0 
00:11:17: 0: 0 0 0 0 0 0 0 0 
00:11:18: 0: 0 0 0 0 0 0 0 0 
00:11:19: 0: 0 0 0 0 0 0 0 0 
00:11:20: 0: 0 0 0 0 0 0 0 0 
00:11:21: 0: 0 0 0 0 0 0 0 0 
00:11:22: 0: 0 0 0 0 0 0 0 0 
00:11:23: 0: 0 0 0 0 0 0 0 0 
00:11:24: 0: 0 0 0 0 0 0 0 0 
00:11:25: 0: 0 0 0 0 0 0 0 0 
00:11:26: 0: 0 0 0 0 0 0 0 0 
00:11:27: 0: 0 0 0 0 0 0 0 0 
00:11:28: 0: 0 0 0 0 0 0 0 0 
00:11:29: 0: 0 0 0 0 0 0 0 0 
00:11:30: 0: 0 0 0 0 0 0 0 0 
00:11:31: 0: 0 0 0 0 0 0 0 0 
00:11:32: 0: 0 0 0 0 0 0 0 0 
00:11:33: 0: 0 0 0 0 0 0 0 0 
00:11:34: 0: 0 0 0 0 0 0 0 0 
00:11:35: 0: 0 0 0 0 0 0 0 0 
00:11:36: 0: 0 0 0 0 0 0 0 0 
00:11:37: 0: 0 0 0 0 0 0 0 0 
00:11:38: 0: 0 0 0 0 0 0 0 0 
00:11:39: 0: 0 0 0 0 0 0 0 0 
00:11:40: 0: 0 0 0 0 0 0 0 0 
00:11:41: 0: 0 0 0 0 0 0 0 0 
00:11:42: 0: 0 0 0 0 0 0 0 0 
00:11:43: 0: 0 0 0 0 0 0 0 0 
00:11:44: 0: 0 0 0 0 0 0 0 0 
00:11:45: 0: 0 0 0 0 0 0 0 0 
00:11:46: 0: 0 0 0 0 0 0 0 0 
00:11:47: 0: 0 0 0 0 0 0 0 0 
00:11:48: 0: 0 0 0 0 0 0 0 0 
00:11:49: 0: 0 0 0 0 0 0 0 0 
00:11:50: 0: 0 0 0 0 0 0 0 0 
00:11:51: 0: 0 0 0 0 0 0 0 0 
00:11:52: 0: 0 0 0 0 0 0 0 0 
00:11:53: 0: 0 0 0 0 0 0 0 0 
00:11:54: 0: 0 0 0 0 0 0 0 0 
00:11:55: 0: 0 0 0 0 0 0 0 0 
00:11:56: 0: 0 0 0 0 0 0 0 0 
00:11:57: 0: 0 0 0 0 0 0 0 0 
00:11:58: 0: 0 0 0 0 0 0 0 0 
00:11:59: 0: 0 0 0 0 0 0 0 0 
00:12:00: 0: 0 0 0 0 0 0 0 0 
00:12:01: 0: 0 0 0 0 0 0 0 0 
00:12:02: 0: 0 0 0 0 0 0 0 0 
00:12:03: 0: 0 0 0 0 0 0 0 0 
00:12:04: 0: 0 0 0 0 0 0 0 0 
00:12:05: 0: 0 0 0 0 0 0 0 0 
00:12:06: 0: 0 0 0 0 0 0 0 0 
00:12:07: 0: 0 0 0 0 0 0 0 0 
00:12:08: 0: 0 0 0 0 0 0 0 0 
00:12:09: 0: 0 0 0 0 0 0 0 0 
00:12:10: 0: 0 0 0 0 0 0 0 0 
00:12:11: 0: 0 0 0 0 0 0 0 0 
00:12:12: 0: 0 0 0 0 0 0 0 0 
00:12:13: 0: 0 0 0 0 0 0 0 0 
00:12:14: 0: 0 0 0 0 0 0 0 0 
00:12:15: 0: 0 0 0 0 0 0 0 0 
00:12:16: 0: 0 0 0 0 0 0 0 0 
00:12:17: 0: 0 0 0 0 0 0 0 0 
00:12:18: 0: 0 0 0 0 0 0 0 0 
00:12:19: 0: 0 0 0 0 0 0 0 0 
00:12:20: 0: 0 0 0 0 0 0 0 0 
00:12:21: 0: 0 0 0 0 0 0 0 0 
00:12:22: 0: 0 0 0 0 0 0 0 0 
00:12:23: 0: 0 0 0 0 0 0 0 0 
00:12:24: 0: 0 0 0 0 0 0 0 0 
00:12:25: 0: 0 0 0 0 0 0 0 0 
00:12:26: 0: 0 0 0 0 0 0 0 0 
00:12:27: 0: 0 0 0 0 0 0 0 0 
00:12:28: 0: 0 0 0 0 0 0 0 0 
00:12:29: 0: 0 0 0 0 0 0 0 0 
00:12:30: 0: 0 0 0 0 0 0 0 0 
00:12:31: 0: 0 0 0 0 0 0 0 0 
00:12:32: 0: 0 0 0 0 0 0 0 0 
00:12:33: 0: 0 0 0 0 0 0 0 0 
00:12:34: 0: 0 0 0 0 0 0 0 0 
00:12:35: 0: 0 0 0 0 0 0 0 0 
00:12:36: 0: 0 0 0 0 0 0 0 0 
00:12:37: 0: 0 0 0 0 0 0 0 0 
00:12:38: 0: 0 0 0 0 0 0 0 0 
00:12:39: 0: 0 0 0 0 0 0 0 0 
00:12:40: 0: 0 0 0 0 0 0 0 0 
00:12:41: 0: 0 0 0 0 0 0 0 0 
00:12:42: 0: 0 0 0 0 0 0 0 0 
00:12:43: 0: 0 0 0 0 0 0 0 0 
00:12:44: 0: 0 0 0 0 0 0 0 0 
00:12:45: 0: 0 0 0 0 0 0 0 0 
00:12:46: 0: 0 0 0 0 0 0 0 0 
00:12:47: 0: 0 0 0 0 0 0 0 0 
00:12:48: 0: 0 0 0 0 0 0 0 0 
00:12:49: 0: 0 0 0 0 0 0 0 0 
00:12:50: 0: 0 0 0 0 0 0 0 0 
00:12:51: 0: 0 0 0 0 0 0 0 0 
00:12:52: 0: 0 0 0 0 0 0 0 0 
00:12:53: 0: 0 0 0 0 0 0 0 0 
00:12:54: 0: 0 0 0 0 0 0 0 0 
00:12:55: 0: 0 0 0 0 0 0 0 0 
00:12:56: 0: 0 0 0 0 0 0 0 0 
00:12:57: 0: 0 0 0 0 0 0 0 0 
00:12:58: 0: 0 0 0 0 0 0 0 0 
00:12:59: 0: 0 0 0 0 0 0 0 0 
00:13:00: 0: 0 0 0 0 0 0 0 0 
00:13:01: 0: 0 0 0 0 0 0 0 0 
00:13:02: 0: 0 0 0 0 0 0 0 0 
00:13:03: 0: 0 0 0 0 0 0 0 0 
00:13:04: 0: 0 0 0 0 0 0 0 0 
00:13:05: 0: 0 0 0 0 0 0 0 0 
00:13:06: 0: 0 0 0 0 0 0 0 0 
00:13:07: 0: 0 0 0 0 0 0 0 0 
00:13:08: 0: 0 0 0 0 0 0 0 0 
00:13:09: 0: 0 0 0 0 0 0 0 0 
00:13:10: 0: 0 0 0 0 0 0 0 0 
00:13:11: 0: 0 0 0 0 0 0 0 0 
00:13:12: 0: 0 0 0 0 0 0 0 0 
00:13:13: 0: 0 0 0 0 0 0 0 0 
00:13:14: 0: 0 0 0 0 0 0 0 0 
00:13:15: 0: 0 0 0 0 0 0 0 0 
00:13:16: 0: 0 0 0 0 0 0 0 0 
00:13:17: 0: 0 0 0 0 0 0 0 0 
00:13:18: 0: 0 0 0 0 0 0 0 0 
00:13:19: 0: 0 0 0 0 0 0 0 0 
00:13:20: 0: 0 0 0 0 0 0 0 0 
00:13:21: 0: 0 0 0 0 0 0 0 0 
00:13:22: 0: 0 0 0 0 0 0 0 0 
00:13:23: 0: 0 0 0 0 0 0 0 0 
00:13:24: 0: 0 0 0 0 0 0 0 0 
00:13:25: 0: 0 0 0 0 0 0 0 0 
00:13:26: 0: 0 0 0 0 0 0 0 0 
00:13:27: 0: 0 0 0 0 0 0 0 0 
00:13:28: 0: 0 0 0 0 0 0 0 0 
00:13:29: 0: 0 0 0 0 0 0 0 0 
00:13:30: 0: 0 0 0 0 0 0 0 0 
00:13:31: 0: 0 0 0 0 0 0 0 0 
00:13:32: 0: 0 0 0 0 0 0 0 0 
00:13:33: 0: 0 0 0 0 0 0 0 0 
00:13:34: 0: 0 0 0 0 0 0 0 0 
00:13:35: 0: 0 0 0 0 0 0 0 0 
00:13:36: 0: 0 0 0 0 0 0 0 0 
00:13:37: 0: 0 0 0 0 0 0 0 0 
00:13:38: 0: 0 0 0 0 0 0 0 0 
00:13:39: 0: 0 0 0 0 0 0 0 0 
00:13:40: 0: 0 0 0 0 0 0 0 0 
00:13:41: 0: 0 0 0 0 0 0 0 0 
00:13:42: 0: 0 0 0 0 0 0 0 0 
00:13:43: 0: 0 0 0 0 0 0 0 0 
00:13:44: 0: 0 0 0 0 0 0 0 0 
00:13:45: 0: 0 0 0 0 0 0 0 0 
00:13:46: 0: 0 0 0 0 0 0 0 0 
00:13:47: 0: 0 0 0 0 0 0 0 0 
00:13:48: 0: 0 0 0 0 0 0 0 0 
00:13:49: 0: 0 0 0 0 0 0 0 0 
00:13:50: 0: 0 0 0 0 0 0 0 0 
00:13:51: 0: 0 0 0 0 0 0 0 0 
00:13:52: 0: 0 0 0 0 0 0 0 0 
00:13:53: 0: 0 0 0 0 0 0 0 0 
00:13:54: 0: 0 0 0 0 0 0 0 0 
00:13:55: 0: 0 0 0 0 0 0 0 0 
00:13:56: 0: 0 0 0 0 0 0 0 0 
00:13:57: 0: 0 0 0 0 0 0 0 0 
00:13:58: 0: 0 0 0 0 0 0 0 0 
00:13:59: 0: 0 0 0 0 0 0 0 0 
00:14:00: 0: 0 0 0 0 0 0 0 0 
00:14:01: 0: 0 0 0 0 0 0 0 0 
00:14:02: 0: 0 0 0 0 0 0 0 0 
00:14:03: 0: 0 0 0 0 0 0 0 0 
00:14:04: 0: 0 0 0 0 0 0 0 0 
00:14:05: 0: 0 0 0 0 0 0 0 0 
00:14:06: 0: 0 0 0 0 0 0 0 0 
00:14:07: 0: 0 0 0 0 0 0 0 0 
00:14:08: 0: 0 0 0 0 0 0 0 0 
00:14:09: 0: 0 0 0 0 0 0 0 0 
00:14:10: 0: 0 0 0 0 0 0 0 0 
00:14:11: 0: 0 0 0 0 0 0 0 0 
00:14:12: 0: 0 0 0 0 0 0 0 0 
00:14:13: 0: 0 0 0 0 0 0 0 0 
00:14:14: 0: 0 0 0 0 0 0 0 0 
00:14:15: 0: 0 0 0 0 0 0 0 0 
00:14:16: 0: 0 0 0 0 0 0 0 0 
00:14:17: 0: 0 0 0 0 0 0 0 0 
00:14:18: 0: 0 0 0 0 0 0 0 0 
00:14:19: 0: 0 0 0 0 0 0 0 0 
00:14:20: 0: 0 0 0 0 0 0 0 0 
00:14:21: 0: 0 0 0 0 0 0 0 0 
00:14:22: 0: 0 0 0 0 0 0 0 0 
00:14:23: 0: 0 0 0 0 0 0 0 0 
00:14:24: 0: 0 0 0 0 0 0 0 0 
00:14:25: 0: 0 0 0 0 0 0 0 0 
00:14:26: 0: 0 0 0 0 0 0 0 0 
00:14:27: 0: 0 0 0 0 0 0 0 0 
00:14:28: 0: 0 0 0 0 0 0 0 0 
00:14:29: 0: 0 0 0 0 0 0 0 0 
00:14:30: 0: 0 0 0 0 0 0 0 0 
00:14:31: 0: 0 0 0 0 0 0 0 0 
00:14:32: 0: 0 0 0 0 0 0 0 0 
00:14:33: 0: 0 0 0 0 0 0 0 0 
00:14:34: 0: 0 0 0 0 0 0 0 0 
00:14:35: 0: 0 0 0 0 0 0 0 0 
00:14:36: 0: 0 0 0 0 0 0 0 0 
00:14:37: 0: 0 0 0 0 0 0 0 0 
00:14:38: 0: 0 0 0 0 0 0 0 0 
00:14:39: 0: 0 0 0 0 0 0 0 0 
00:14:40: 0: 0 0 0 0 0 0 0 0 
00:14:41: 0: 0 0 0 0 0 0 0 0 
00:14:42: 0: 0 0 0 0 0 0 0 0 
00:14:43: 0: 0 0 0 0 0 0 0 0 
00:14:44: 0: 0 0 0 0 0 0 0 0 
00:14:45: 0: 0 0 0 0 0 0 0 0 
00:14:46: 0: 0 0 0 0 0 0 0 0 
00:14:47: 0: 0 0 0 0 0 0 0 0 
00:14:48: 0: 0 0 0 0 0 0 0 0 
00:14:49: 0: 0 0 0 0 0 0 0 0 
00:14:50: 0: 0 0 0 0 0 0 0 0 
00:14:51: 0: 0 0 0 0 0 0 0 0 
00:14:52: 0: 0 0 0 0 0 0 0 0 
00:14:53: 0: 0 0 0 0 0 0 0 0 
00:14:54: 0: 0 0 0 0 0 0 0 0 
00:14:55: 0: 0 0 0 0 0 0 0 0 
00:14:56: 0: 0 0 0 0 0 0 0 0 
00:14:57: 0: 0 0 0 0 0 0 0 0 
00:14:58: 0: 0 0 0 0 0 0 0 0 
00:14:59: 0: 0 0 0 0 0 0 0 0 
00:15:00: 0: 0 0 0 0 0 0 0 0 
00:15:01: 0: 0 0 0 0 0 0 0 0 
00:15:02: 0: 0 0 0 0 0 0 0 0 
00:15:03: 0: 0 0 0 0 0 0 0 0 
00:15:04: 0: 0 0 0 0 0 0 0 0 
00:15:05: 0: 0 0 0 0 0 0 0 0 
00:15:06: 0: 0 0 0 0 0 0 0 0 
00:15:07: 0: 0 0 0 0 0 0 0 0 
00:15:08: 0: 0 0 0 0 0 0 0 0 
00:15:09: 0: 0 0 0 0 0 0 0 0 
00:15:10: 0: 0 0 0 0 0 0 0 0 
00:15:11: 0: 0 0 0 0 0 0 0 0 
00:15:12: 0: 0 0 0 0 0 0 0 0 
00:15:13: 0: 0 0 0 0 0 0 0 0 
00:15:14: 0: 0 0 0 0 0 0 0 0 
00:15:15: 0: 0 0 0 0 0 0 0 0 
00:15:16: 0: 0 0 0 0 0 0 0 0 
00:15:17: 0: 0 0 0 0 0 0 0 0 
00:15:18: 0: 0 0 0 0 0 0 0 0 
00:15:19: 0: 0 0 0 0 0 0 0 0 
00:15:20: 0: 0 0 0 0 0 0 0 0 
00:15:21: 0: 0 0 0 0 0 0 0 0 
00:15:22: 0: 0 0 0 0 0 0 0 0 
00:15:23: 0: 0 0 0 0 0 0 0 0 
00:15:24: 0: 0 0 0 0 0 0 0 0 
00:15:25: 0: 0 0 0 0 0 0 0 0 
00:15:26: 0: 0 0 0 0 0 0 0 0 
00:15:27: 0: 0 0 0 0 0 0 0 0 
00:15:28: 0: 0 0 0 0 0 0 0 0 
00:15:29: 0: 0 0 0 0 0 0 0 0 
00:15:30: 0: 0 0 0 0 0 0 0 0 
00:15:31: 0: 0 0 0 0 0 0 0 0 
00:15:32: 0: 0 0 0 0 0 0 0 0 
00:15:33: 0: 0 0 0 0 0 0 0 0 
00:15:34: 0: 0 0 0 0 0 0 0 0 
00:15:35: 0: 0 0 0 0 0 0 0 0 
00:15:36: 0: 0 0 0 0 0 0 0 0 
00:15:37: 0: 0 0 0 0 0 0 0 0 
00:15:38: 0: 0 0 0 0 0 0 0 0 
00:15:39: 0: 0 0 0 0 0 0 0 0 
00:15:40: 0: 0 0 0 0 0 0 0 0 
00:15:41: 0: 0 0 0 0 0 0 0 0 
00:15:42: 0: 0 0 0 0 0 0 0 0 
00:15:43: 0: 0 0 0 0 0 0 0 0 
00:15:44: 0: 0 0 0 0 0 0 0 0 
00:15:45: 0: 0 0 0 0 0 0 0 0 
00:15:46: 0: 0 0 0 0 0 0 0 0 
00:15:47: 0: 0 0 0 0 0 0 0 0 
00:15:48: 0: 0 0 0 0 0 0 0 0 
00:15:49: 0: 0 0 0 0 0 0 0 0 
00:15:50: 0: 0 0 0 0 0 0 0 0 
00:15:51: 0: 0 0 0 0 0 0 0 0 
00:15:52: 0: 0 0 0 0 0 0 0 0 
00:15:53: 0: 0 0 0 0 0 0 0 0 
00:15:54: 0: 0 0 0 0 0 0 0 0 
00:15:55: 0: 0 0 0 0 0 0 0 0 
00:15:56: 0: 0 0 0 0 0 0 0 0 
00:15:57: 0: 0 0 0 0 0 0 0 0 
00:15:58: 0: 0 0 0 0 0 0 0 0 
00:15:59: 0: 0 0 0 0 0 0 0 0 
00:16:00: 0: 0 0 0 0 0 0 0 0 
00:16:01: 0: 0 0 0 0 0 0 0 0 
00:16:02: 0: 0 0 0 0 0 0 0 0 
00:16:03: 0: 0 0 0 0 0 0 0 0 
00:16:04: 0: 0 0 0 0 0 0 0 0 
00:16:05: 0: 0 0 0 0 0 0 0 0 
00:16:06: 0: 0 0 0 0 0 0 0 0 
00:16:07: 0: 0 0 0 0 0 0 0 0 
00:16:08: 0: 0 0 0 0 0 0 0 0 
00:16:09: 0: 0 0 0 0 0 0 0 0 
00:16:10: 0: 0 0 0 0 0 0 0 0 
00:16:11: 0: 0 0 0 0 0 0 0 0 
00:16:12: 0: 0 0 0 0 0 0 0 0 
00:16:13: 0: 0 0 0 0 0 0 0 0 
00:16:14: 0: 0 0 0 0 0 0 0 0 
00:16:15: 0: 0 0 0 0 0 0 0 0 
00:16:16: 0: 0 0 0 0 0 0 0 0 
00:16:17: 0: 0 0 0 0 0 0 0 0 
00:16:18: 0: 0 0 0 0 0 0 0 0 
00:16:19: 0: 0 0 0 0 0 0 0 0 
00:16:20: 0: 0 0 0 0 0 0 0 0 
00:16:21: 0: 0 0 0 0 0 0 0 0 
00:16:22: 0: 0 0 0 0 0 0 0 0 
00:16:23: 0: 0 0 0 0 0 0 0 0 
00:16:24: 0: 0 0 0 0 0 0 0 0 
00:16:25: 0: 0 0 0 0 0 0 0 0 
00:16:26: 0: 0 0 0 0 0 0 0 0 
00:16:27: 0: 0 0 0 0 0 0 0 0 
00:16:28: 0: 0 0 0 0 0 0 0 0 
00:16:29: 0: 0 0 0 0 0 0 0 0 
00:16:30: 0: 0 0 0 0 0 0 0 0 
00:16:31: 0: 0 0 0 0 0 0 0 0 
00:16:32: 0: 0 0 0 0 0 0 0 0 
00:16:33: 0: 0 0 0 0 0 0 0 0 
00:16:34: 0: 0 0 0 0 0 0 0 0 
00:16:35: 0: 0 0 0 0 0 0 0 0 
00:16:36: 0: 0 0 0 0 0 0 0 0 
00:16:37: 0: 0 0 0 0 0 0 0 0 
00:16:38: 0: 0 0 0 0 0 0 0 0 
00:16:39: 0: 0 0 0 0 0 0 0 0 
00:16:40: 0: 0 0 0 0 0 0 0 0 
00:16:41: 0: 0 0 0 0 0 0 0 0 
00:16:42: 0: 0 0 0 0 0 0 0 0 
00:16:43: 0: 0 0 0 0 0 0 0 0 
00:16:44: 0: 0 0 0 0 0 0 0 0 
00:16:45: 0: 0 0 0 0 0 0 0 0 
00:16:46: 0: 0 0 0 0 0 0 0 0 
00:16:47: 0: 0 0 0 0 0 0 0 0 
00:16:48: 0: 0 0 0 0 0 0 0 0 
00:16:49: 0: 0 0 0 0 0 0 0 0 
00:16:50: 0: 0 0 0 0 0 0 0 0 
00:16:51: 0: 0 0 0 0 0 0 0 0 
00:16:52: 0: 0 0 0 0 0 0 0 0 
00:16:53: 0: 0 0 0 0 0 0 0 0 
00:16:54: 0: 0 0 0 0 0 0 0 0 
00:16:55: 0: 0 0 0 0 0 0 0 0 
00:16:56: 0: 0 0 0 0 0 0 0 0 
00:16:57: 0: 0 0 0 0 0 0 0 0 
00:16:58: 0: 0 0 0 0 0 0 0 0 
00:16:59: 0: 0 0 0 0 0 0 0 0 
00:17:00: 0: 0 0 0 0 0 0 0 0 
00:17:01: 0: 0 0 0 0 0 0 0 0 
00:17:02: 0: 0 0 0 0 0 0 0 0 
00:17:03: 0: 0 0 0 0 0 0 0 0 
00:17:04: 0: 0 0 0 0 0 0 0 0 
00:17:05: 0: 0 0 0 0 0 0 0 0 
00:17:06: 0: 0 0 0 0 0 0 0 0 
00:17:07: 0: 0 0 0 0 0 0 0 0 
00:17:08: 0: 0 0 0 0 0 0 0 0 
00:17:09: 0: 0 0 0 0 0 0 0 0 
00:17:10: 0: 0 0 0 0 0 0 0 0 
00:17:11: 0: 0 0 0 0 0 0 0 0 
00:17:12: 0: 0 0 0 0 0 0 0 0 
00:17:13: 0: 0 0 0 0 0 0 0 0 
00:17:14: 0: 0 0 0 0 0 0 0 0 
00:17:15: 0: 0 0 0 0 0 0 0 0 
00:17:16: 0: 0 0 0 0 0 0 0 0 
00:17:17: 0: 0 0 0 0 0 0 0 0 
00:17:18: 0: 0 0 0 0 0 0 0 0 
00:17:19: 0: 0 0 0 0 0 0 0 0 
00:17:20: 0: 0 0 0 0 0 0 0 0 
00:17:21: 0: 0 0 0 0 0 0 0 0 
00:17:22: 0: 0 0 0 0 0 0 0 0 
00:17:23: 0: 0 0 0 0 0 0 0 0 
00:17:24: 0: 0 0 0 0 0 0 0 0 
00:17:25: 0: 0 0 0 0 0 0 0 0 
00:17:26: 0: 0 0 0 0 0 0 0 0 
00:17:27: 0: 0 0 0 0 0 0 0 0 
00:17:28: 0: 0 0 0 0 0 0 0 0 
00:17:29: 0: 0 0 0 0 0 0 0 0 
00:17:30: 0: 0 0 0 0 0 0 0 0 
00:17:31: 0: 0 0 0 0 0 0 0 0 
00:17:32: 0: 0 0 0 0 0 0 0 0 
00:17:33: 0: 0 0 0 0 0 0 0 0 
00:17:34: 0: 0 0 0 0 0 0 0 0 
00:17:35: 0: 0 0 0 0 0 0 0 0 
00:17:36: 0: 0 0 0 0 0 0 0 0 
00:17:37: 0: 0 0 0 0 0 0 0 0 
00:17:38: 0: 0 0 0 0 0 0 0 0 
00:17:39: 0: 0 0 0 0 0 0 0 0 
00:17:40: 0: 0 0 0 0 0 0 0 0 
00:17:41: 0: 0 0 0 0 0 0 0 0 
00:17:42: 0: 0 0 0 0 0 0 0 0 
00:17:43: 0: 0 0 0 0 0 0 0 0 
00:17:44: 0: 0 0 0 0 0 0 0 0 
00:17:45: 0: 0 0 0 0 0 0 0 0 
00:17:46: 0: 0 0 0 0 0 0 0 0 
00:17:47: 0: 0 0 0 0 0 0 0 0 
00:17:48: 0: 0 0 0 0 0 0 0 0 
00:17:49: 0: 0 0 0 0 0 0 0 0 
00:17:50: 0: 0 0 0 0 0 0 0 0 
00:17:51: 0: 0 0 0 0 0 0 0 0 
00:17:52: 0: 0 0 0 0 0 0 0 0 
00:17:53: 0: 0 0 0 0 0 0 0 0 
00:17:54: 0: 0 0 0 0 0 0 0 0 
00:17:55: 0: 0 0 0 0 0 0 0 0 
00:17:56: 0: 0 0 0 0 0 0 0 0 
00:17:57: 0: 0 0 0 0 0 0 0 0 
00:17:58: 0: 0 0 0 0 0 0 0 0 
00:17:59: 0: 0 0 0 0 0 0 0 0 
00:18:00: 0: 0 0 0 0 0 0 0 0 
00:18:01: 0: 0 0 0 0 0 0 0 0 
00:18:02: 0: 0 0 0 0 0 0 0 0 
00:18:03: 0: 0 0 0 0 0 0 0 0 
00:18:04: 0: 0 0 0 0 0 0 0 0 
00:18:05: 0: 0 0 0 0 0 0 0 0 
00:18:06: 0: 0 0 0 0 0 0 0 0 
00:18:07: 0: 0 0 0 0 0 0 0 0 
00:18:08: 0: 0 0 0 0 0 0 0 0 
00:18:09: 0: 0 0 0 0 0 0 0 0 
00:18:10: 0: 0 0 0 0 0 0 0 0 
00:18:11: 0: 0 0 0 0 0 0 0 0 
00:18:12: 0: 0 0 0 0 0 0 0 0 
00:18:13: 0: 0 0 0 0 0 0 0 0 
00:18:14: 0: 0 0 0 0 0 0 0 0 
00:18:15: 0: 0 0 0 0 0 0 0 0 
00:18:16: 0: 0 0 0 0 0 0 0 0 
00:18:17: 0: 0 0 0 0 0 0 0 0 
00:18:18: 0: 0 0 0 0 0 0 0 0 
00:18:19: 0: 0 0 0 0 0 0 0 0 
00:18:20: 0: 0 0 0 0 0 0 0 0 
00:18:21: 0: 0 0 0 0 0 0 0 0 
00:18:22: 0: 0 0 0 0 0 0 0 0 
00:18:23: 0: 0 0 0 0 0 0 0 0 
00:18:24: 0: 0 0 0 0 0 0 0 0 
00:18:25: 0: 0 0 0 0 0 0 0 0 
00:18:26: 0: 0 0 0 0 0 0 0 0 
00:18:27: 0: 0 0 0 0 0 0 0 0 
00:18:28: 0: 0 0 0 0 0 0 0 0 
00:18:29: 0: 0 0 0 0 0 0 0 0 
00:18:30: 0: 0 0 0 0 0 0 0 0 
00:18:31: 0: 0 0 0 0 0 0 0 0 
00:18:32: 0: 0 0 0 0 0 0 0 0 
00:18:33: 0: 0 0 0 0 0 0 0 0 
00:18:34: 0: 0 0 0 0 0 0 0 0 
00:18:35: 0: 0 0 0 0 0 0 0 0 
00:18:36: 0: 0 0 0 0 0 0 0 0 
00:18:37: 0: 0 0 0 0 0 0 0 0 
00:18:38: 0: 0 0 0 0 0 0 0 0 
00:18:39: 0: 0 0 0 0 0 0 0 0 
00:18:40: 0: 0 0 0 0 0 0 0 0 
00:18:41: 0: 0 0 0 0 0 0 0 0 
00:18:42: 0: 0 0 0 0 0 0 0 0 
00:18:43: 0: 0 0 0 0 0 0 0 0 
00:18:44: 0: 0 0 0 0 0 0 0 0 
00:18:45: 0: 0 0 0 0 0 0 0 0 
00:18:46: 0: 0 0 0 0 0 0 0 0 
00:18:47: 0: 0 0 0 0 0 0 0 0 
00:18:48: 0: 0 0 0 0 0 0 0 0 
00:18:49: 0: 0 0 0 0 0 0 0 0 
00:18:50: 0: 0 0 0 0 0 0 0 0 
00:18:51: 0: 0 0 0 0 0 0 0 0 
00:18:52: 0: 0 0 0 0 0 0 0 0 
00:18:53: 0: 0 0 0 0 0 0 0 0 
00:18:54: 0: 0 0 0 0 0 0 0 0 
00:18:55: 0: 0 0 0 0 0 0 0 0 
00:18:56: 0: 0 0 0 0 0 0 0 0 
00:18:57: 0: 0 0 0 0 0 0 0 0 
00:18:58: 0: 0 0 0 0 0 0 0 0 
00:18:59: 0: 0 0 0 0 0 0 0 0 
00:19:00: 0: 0 0 0 0 0 0 0 0 
00:19:01: 0: 0 0 0 0 0 0 0 0 
00:19:02: 0: 0 0 0 0 0 0 0 0 
00:19:03: 0: 0 0 0 0 0 0 0 0 
00:19:04: 0: 0 0 0 0 0 0 0 0 
00:19:05: 0: 0 0 0 0 0 0 0 0 
00:19:06: 0: 0 0 0 0 0 0 0 0 
00:19:07: 0: 0 0 0 0 0 0 0 0 
00:19:08: 0: 0 0 0 0 0 0 0 0 
00:19:09: 0: 0 0 0 0 0 0 0 0 
00:19:10: 0: 0 0 0 0 0 0 0 0 
00:19:11: 0: 0 0 0 0 0 0 0 0 
00:19:12: 0: 0 0 0 0 0 0 0 0 
00:19:13: 0: 0 0 0 0 0 0 0 0 
00:19:14: 0: 0 0 0 0 0 0 0 0 
00:19:15: 0: 0 0 0 0 0 0 0 0 
00:19:16: 0: 0 0 0 0 0 0 0 0 
00:19:17: 0: 0 0 0 0 0 0 0 0 
00:19:18: 0: 0 0 0 0 0 0 0 0 
00:19:19: 0: 0 0 0 0 0 0 0 0 
00:19:20: 0: 0 0 0 0 0 0 0 0 
00:19:21: 0: 0 0 0 0 0 0 0 0 
00:19:22: 0: 0 0 0 0 0 0 0 0 
00:19:23: 0: 0 0 0 0 0 0 0 0 
00:19:24: 0: 0 0 0 0 0 0 0 0 
00:19:25: 0: 0 0 0 0 0 0 0 0 
00:19:26: 0: 0 0 0 0 0 0 0 0 
00:21:42: 0: 0 0 0 0 0 0 0 0 
00:21:43: 0: 0 0 0 0 0 0 0 0 
00:21:44: 0: 0 0 0 0 0 0 0 0 
00:21:45: 0: 0 0 0 0 0 0 0 0 
00:21:46: 0: 0 0 0 0 0 0 0 0 
00:21:47: 0: 0 0 0 0 0 0 0 0 
00:21:48: 0: 0 0 0 0 0 0 0 0 
00:21:49: 0: 0 0 0 0 0 0 0 0 
00:21:50: 0: 0 0 0 0 0 0 0 0 
00:21:51: 0: 0 0 0 0 0 0 0 0 
00:21:52: 0: 0 0 0 0 0 0 0 0 
00:21:53: 0: 0 0 0 0 0 0 0 0 
00:21:54: 0: 0 0 0 0 0 0 0 0 
00:21:55: 0: 0 0 0 0 0 0 0 0 
00:21:56: 0: 0 0 0 0 0 0 0 0 
00:21:57: 0: 0 0 0 0 0 0 0 0 
00:21:58: 0: 0 0 0 0 0 0 0 0 
00:21:59: 0: 0 0 0 0 0 0 0 0 
00:22:00: 0: 0 0 0 0 0 0 0 0 
00:22:01: 0: 0 0 0 0 0 0 0 0 
00:22:02: 0: 0 0 0 0 0 0 0 0 
00:22:03: 0: 0 0 0 0 0 0 0 0 
00:22:04: 0: 0 0 0 0 0 0 0 0 
00:22:05: 0: 0 0 0 0 0 0 0 0 
00:22:06: 0: 0 0 0 0 0 0 0 0 
00:22:07: 0: 0 0 0 0 0 0 0 0 
00:22:08: 0: 0 0 0 0 0 0 0 0 
00:22:09: 0: 0 0 0 0 0 0 0 0 
00:22:10: 0: 0 0 0 0 0 0 0 0 
00:22:11: 0: 0 0 0 0 0 0 0 0 
00:22:12: 0: 0 0 0 0 0 0 0 0 
00:22:13: 0: 0 0 0 0 0 0 0 0 
00:22:14: 0: 0 0 0 0 0 0 0 0 
00:22:15: 0: 0 0 0 0 0 0 0 0 
00:22:16: 0: 0 0 0 0 0 0 0 0 
00:22:17: 0: 0 0 0 0 0 0 0 0 
00:22:18: 0: 0 0 0 0 0 0 0 0 
00:22:19: 0: 0 0 0 0 0 0 0 0 
00:22:20: 0: 0 0 0 0 0 0 0 0 
00:22:21: 0: 0 0 0 0 0 0 0 0 
00:22:22: 0: 0 0 0 0 0 0 0 0 
00:22:23: 0: 0 0 0 0 0 0 0 0 
00:22:24: 0: 0 0 0 0 0 0 0 0 
00:22:25: 0: 0 0 0 0 0 0 0 0 
00:22:26: 0: 0 0 0 0 0 0 0 0 
00:22:27: 0: 0 0 0 0 0 0 0 0 
00:22:28: 0: 0 0 0 0 0 0 0 0 
00:22:29: 0: 0 0 0 0 0 0 0 0 
00:22:30: 0: 0 0 0 0 0 0 0 0 
00:22:31: 0: 0 0 0 0 0 0 0 0 
00:22:32: 0: 0 0 0 0 0 0 0 0 
00:22:33: 0: 0 0 0 0 0 0 0 0 
00:22:34: 0: 0 0 0 0 0 0 0 0 
00:22:35: 0: 0 0 0 0 0 0 0 0 
00:22:36: 0: 0 0 0 0 0 0 0 0 
00:22:37: 0: 0 0 0 0 0 0 0 0 
00:22:38: 0: 0 0 0 0 0 0 0 0 
00:22:39: 0: 0 0 0 0 0 0 0 0 
00:22:40: 0: 0 0 0 0 0 0 0 0 
00:22:41: 0: 0 0 0 0 0 0 0 0 
00:22:42: 0: 0 0 0 0 0 0 0 0 
00:22:43: 0: 0 0 0 0 0 0 0 0 
00:22:44: 0: 0 0 0 0 0 0 0 0 
00:22:45: 0: 0 0 0 0 0 0 0 0 
00:22:46: 0: 0 0 0 0 0 0 0 0 
00:22:47: 0: 0 0 0 0 0 0 0 0 
00:22:48: 0: 0 0 0 0 0 0 0 0 
00:22:49: 0: 0 0 0 0 0 0 0 0 
00:22:50: 0: 0 0 0 0 0 0 0 0 
00:22:51: 0: 0 0 0 0 0 0 0 0 
00:22:52: 0: 0 0 0 0 0 0 0 0 
00:22:53: 0: 0 0 0 0 0 0 0 0 
00:22:54: 0: 0 0 0 0 0 0 0 0 
00:22:55: 0: 0 0 0 0 0 0 0 0 
00:22:56: 0: 0 0 0 0 0 0 0 0 
00:22:57: 0: 0 0 0 0 0 0 0 0 
00:22:58: 0: 0 0 0 0 0 0 0 0 
00:22:59: 0: 0 0 0 0 0 0 0 0 
00:23:00: 0: 0 0 0 0 0 0 0 0 
00:23:01: 0: 0 0 0 0 0 0 0 0 
00:23:02: 0: 0 0 0 0 0 0 0 0 
00:23:03: 0: 0 0 0 0 0 0 0 0 
00:23:04: 0: 0 0 0 0 0 0 0 0 
00:23:05: 0: 0 0 0 0 0 0 0 0 
00:23:06: 0: 0 0 0 0 0 0 0 0 
00:23:07: 0: 0 0 0 0 0 0 0 0 
00:23:08: 0: 0 0 0 0 0 0 0 0 
00:23:09: 0: 0 0 0 0 0 0 0 0 
00:23:10: 0: 0 0 0 0 0 0 0 0 
00:23:11: 0: 0 0 0 0 0 0 0 0 
00:23:12: 0: 0 0 0 0 0 0 0 0 
00:23:13: 0: 0 0 0 0 0 0 0 0 
00:23:14: 0: 0 0 0 0 0 0 0 0 
00:23:15: 0: 0 0 0 0 0 0 0 0 
00:23:16: 0: 0 0 0 0 0 0 0 0 
00:23:17: 0: 0 0 0 0 0 0 0 0 
00:23:18: 0: 0 0 0 0 0 0 0 0 
00:23:19: 0: 0 0 0 0 0 0 0 0 
00:23:20: 0: 0 0 0 0 0 0 0 0 
00:23:21: 0: 0 0 0 0 0 0 0 0 
00:23:22: 0: 0 0 0 0 0 0 0 0 
00:23:23: 0: 0 0 0 0 0 0 0 0 
00:23:24: 0: 0 0 0 0 0 0 0 0 
00:23:25: 0: 0 0 0 0 0 0 0 0 
00:23:26: 0: 0 0 0 0 0 0 0 0 
00:23:27: 0: 0 0 0 0 0 0 0 0 
00:23:28: 0: 0 0 0 0 0 0 0 0 
00:23:29: 0: 0 0 0 0 0 0 0 0 
00:23:30: 0: 0 0 0 0 0 0 0 0 
00:23:31: 0: 0 0 0 0 0 0 0 0 
00:23:32: 0: 0 0 0 0 0 0 0 0 
00:23:33: 0: 0 0 0 0 0 0 0 0 
00:23:34: 0: 0 0 0 0 0 0 0 0 
00:23:35: 0: 0 0 0 0 0 0 0 0 
00:23:36: 0: 0 0 0 0 0 0 0 0 
00:23:37: 0: 0 0 0 0 0 0 0 0 
00:23:38: 0: 0 0 0 0 0 0 0 0 
00:23:39: 0: 0 0 0 0 0 0 0 0 
00:23:40: 0: 0 0 0 0 0 0 0 0 
00:23:41: 0: 0 0 0 0 0 0 0 0 
00:23:42: 0: 0 0 0 0 0 0 0 0 
00:23:43: 0: 0 0 0 0 0 0 0 0 
00:23:44: 0: 0 0 0 0 0 0 0 0 
00:23:45: 0: 0 0 0 0 0 0 0 0 
00:23:46: 0: 0 0 0 0 0 0 0 0 
00:23:47: 0: 0 0 0 0 0 0 0 0 
00:23:48: 0: 0 0 0 0 0 0 0 0 
00:23:49: 0: 0 0 0 0 0 0 0 0 
00:23:50: 0: 0 0 0 0 0 0 0 0 
00:23:51: 0: 0 0 0 0 0 0 0 0 
00:23:52: 0: 0 0 0 0 0 0 0 0 
00:23:53: 0: 0 0 0 0 0 0 0 0 
00:23:54: 0: 0 0 0 0 0 0 0 0 
00:23:55: 0: 0 0 0 0 0 0 0 0 
00:23:56: 0: 0 0 0 0 0 0 0 0 
00:23:57: 0: 0 0 0 0 0 0 0 0 
00:23:58: 0: 0 0 0 0 0 0 0 0 
00:23:59: 0: 0 0 0 0 0 0 0 0 
00:24:00: 0: 0 0 0 0 0 0 0 0 
00:24:01: 0: 0 0 0 0 0 0 0 0 
00:24:02: 0: 0 0 0 0 0 0 0 0 
00:24:03: 0: 0 0 0 0 0 0 0 0 
00:24:04: 0: 0 0 0 0 0 0 0 0 
00:24:05: 0: 0 0 0 0 0 0 0 0 
00:24:06: 0: 0 0 0 0 0 0 0 0 
00:24:07: 0: 0 0 0 0 0 0 0 0 
00:24:08: 0: 0 0 0 0 0 0 0 0 
00:24:09: 0: 0 0 0 0 0 0 0 0 
00:24:10: 0: 0 0 0 0 0 0 0 0 
00:24:11: 0: 0 0 0 0 0 0 0 0 
00:24:12: 0: 0 0 0 0 0 0 0 0 
00:24:13: 0: 0 0 0 0 0 0 0 0 
00:24:14: 0: 0 0 0 0 0 0 0 0 
00:24:15: 0: 0 0 0 0 0 0 0 0 
00:24:16: 0: 0 0 0 0 0 0 0 0 
00:24:17: 0: 0 0 0 0 0 0 0 0 
00:24:18: 0: 0 0 0 0 0 0 0 0 
00:24:19: 0: 0 0 0 0 0 0 0 0 
00:24:20: 0: 0 0 0 0 0 0 0 0 
00:24:21: 0: 0 0 0 0 0 0 0 0 
00:24:22: 0: 0 0 0 0 0 0 0 0 
00:24:23: 0: 0 0 0 0 0 0 0 0 
00:24:24: 0: 0 0 0 0 0 0 0 0 
00:24:25: 0: 0 0 0 0 0 0 0 0 
00:24:26: 0: 0 0 0 0 0 0 0 0 
00:24:27: 0: 0 0 0 0 0 0 0 0 
00:24:28: 0: 0 0 0 0 0 0 0 0 
00:24:29: 0: 0 0 0 0 0 0 0 0 
00:24:30: 0: 0 0 0 0 0 0 0 0 
00:24:31: 0: 0 0 0 0 0 0 0 0 
00:24:32: 0: 0 0 0 0 0 0 0 0 
00:24:33: 0: 0 0 0 0 0 0 0 0 
00:24:34: 0: 0 0 0 0 0 0 0 0 
00:24:35: 0: 0 0 0 0 0 0 0 0 
00:24:36: 0: 0 0 0 0 0 0 0 0 
00:24:37: 0: 0 0 0 0 0 0 0 0 
00:24:38: 0: 0 0 0 0 0 0 0 0 
00:24:39: 0: 0 0 0 0 0 0 0 0 
00:24:40: 0: 0 0 0 0 0 0 0 0 
00:24:41: 0: 0 0 0 0 0 0 0 0 
00:24:42: 0: 0 0 0 0 0 0 0 0 
00:24:43: 0: 0 0 0 0 0 0 0 0 
00:24:44: 0: 0 0 0 0 0 0 0 0 
00:24:45: 0: 0 0 0 0 0 0 0 0 
00:24:46: 0: 0 0 0 0 0 0 0 0 
00:24:47: 0: 0 0 0 0 0 0 0 0 
00:24:48: 0: 0 0 0 0 0 0 0 0 
00:28:06: 0: 0 0 0 0 0 0 0 0 
00:28:07: 0: 0 0 0 0 0 0 0 0 
00:28:08: 0: 0 0 0 0 0 0 0 0 
00:28:09: 0: 0 0 0 0 0 0 0 0 
00:28:10: 0: 0 0 0 0 0 0 0 0 
00:28:11: 0: 0 0 0 0 0 0 0 0 
00:28:12: 0: 0 0 0 0 0 0 0 0 
00:28:13: 0: 0 0 0 0 0 0 0 0 
00:28:14: 0: 0 0 0 0 0 0 0 0 
00:28:15: 0: 0 0 0 0 0 0 0 0 
00:28:16: 0: 0 0 0 0 0 0 0 0 
00:28:17: 0: 0 0 0 0 0 0 0 0 
00:28:18: 0: 0 0 0 0 0 0 0 0 
00:28:19: 0: 0 0 0 0 0 0 0 0 
00:28:20: 0: 0 0 0 0 0 0 0 0 
00:28:21: 0: 0 0 0 0 0 0 0 0 
00:28:22: 0: 0 0 0 0 0 0 0 0 
00:28:23: 0: 0 0 0 0 0 0 0 0 
00:28:24: 0: 0 0 0 0 0 0 0 0 
00:28:25: 0: 0 0 0 0 0 0 0 0 
00:28:26: 0: 0 0 0 0 0 0 0 0 
00:28:27: 0: 0 0 0 0 0 0 0 0 
00:28:28: 0: 0 0 0 0 0 0 0 0 
00:28:29: 0: 0 0 0 0 0 0 0 0 
00:28:30: 0: 0 0 0 0 0 0 0 0 
00:28:31: 0: 0 0 0 0 0 0 0 0 
00:28:32: 0: 0 0 0 0 0 0 0 0 
00:28:33: 0: 0 0 0 0 0 0 0 0 
00:28:34: 0: 0 0 0 0 0 0 0 0 
00:28:35: 0: 0 0 0 0 0 0 0 0 
00:28:36: 0: 0 0 0 0 0 0 0 0 
00:28:37: 0: 0 0 0 0 0 0 0 0 
00:28:38: 0: 0 0 0 0 0 0 0 0 
00:28:39: 0: 0 0 0 0 0 0 0 0 
00:28:40: 0: 0 0 0 0 0 0 0 0 
00:28:41: 0: 0 0 0 0 0 0 0 0 
00:28:42: 0: 0 0 0 0 0 0 0 0 
00:28:43: 0: 0 0 0 0 0 0 0 0 
00:28:44: 0: 0 0 0 0 0 0 0 0 
00:28:45: 0: 0 0 0 0 0 0 0 0 
00:28:46: 0: 0 0 0 0 0 0 0 0 
00:28:47: 0: 0 0 0 0 0 0 0 0 
00:28:48: 0: 0 0 0 0 0 0 0 0 
00:28:49: 0: 0 0 0 0 0 0 0 0 
00:28:50: 0: 0 0 0 0 0 0 0 0 
00:28:51: 0: 0 0 0 0 0 0 0 0 
00:28:52: 0: 0 0 0 0 0 0 0 0 
00:28:53: 0: 0 0 0 0 0 0 0 0 
00:28:54: 0: 0 0 0 0 0 0 0 0 
00:28:55: 0: 0 0 0 0 0 0 0 0 
00:28:56: 0: 0 0 0 0 0 0 0 0 
00:28:57: 0: 0 0 0 0 0 0 0 0 
00:29:21: 4: 70 0 65 0 0 0 0 0 
00:29:22: 0: 0 0 0 0 0 0 0 0 
00:29:23: 0: 0 0 0 0 0 0 0 0 
00:29:24: 0: 0 0 0 0 0 0 0 0 
00:29:25: 0: 0 0 0 0 0 0 0 0 
00:29:26: 0: 0 0 0 0 0 0 0 0 
00:29:27: 0: 0 0 0 0 0 0 0 0 
00:29:28: 0: 0 0 0 0 0 0 0 0 
00:29:29: 0: 0 0 0 0 0 0 0 0 
00:29:30: 0: 0 0 0 0 0 0 0 0 
00:29:31: 0: 0 0 0 0 0 0 0 0 
00:29:32: 0: 0 0 0 0 0 0 0 0 
00:29:33: 0: 0 0 0 0 0 0 0 0 
00:29:34: 0: 0 0 0 0 0 0 0 0 
00:29:35: 0: 0 0 0 0 0 0 0 0 
00:29:36: 0: 0 0 0 0 0 0 0 0 
00:29:37: 0: 0 0 0 0 0 0 0 0 
00:29:38: 0: 0 0 0 0 0 0 0 0 
00:29:39: 0: 0 0 0 0 0 0 0 0 
00:29:40: 0: 0 0 0 0 0 0 0 0 
00:29:41: 0: 0 0 0 0 0 0 0 0 
00:29:42: 0: 0 0 0 0 0 0 0 0 
00:29:43: 0: 0 0 0 0 0 0 0 0 
00:29:44: 0: 0 0 0 0 0 0 0 0 
00:29:45: 0: 0 0 0 0 0 0 0 0 
00:29:46: 0: 0 0 0 0 0 0 0 0 
00:29:47: 0: 0 0 0 0 0 0 0 0 
00:29:48: 0: 0 0 0 0 0 0 0 0 
00:29:49: 0: 0 0 0 0 0 0 0 0 
00:29:50: 0: 0 0 0 0 0 0 0 0 
00:29:51: 0: 0 0 0 0 0 0 0 0 
00:29:52: 0: 0 0 0 0 0 0 0 0 
00:29:53: 0: 0 0 0 0 0 0 0 0 
00:29:54: 0: 0 0 0 0 0 0 0 0 
00:29:55: 0: 0 0 0 0 0 0 0 0 
00:29:56: 0: 0 0 0 0 0 0 0 0 
00:29:57: 0: 0 0 0 0 0 0 0 0 
00:29:58: 0: 0 0 0 0 0 0 0 0 
00:29:59: 0: 0 0 0 0 0 0 0 0 
00:30:00: 0: 0 0 0 0 0 0 0 0 
00:30:01: 0: 0 0 0 0 0 0 0 0 
00:30:02: 0: 0 0 0 0 0 0 0 0 
00:30:03: 0: 0 0 0 0 0 0 0 0 
00:30:04: 0: 0 0 0 0 0 0 0 0 
00:30:05: 0: 0 0 0 0 0 0 0 0 
00:30:06: 0: 0 0 0 0 0 0 0 0 
00:30:07: 0: 0 0 0 0 0 0 0 0 
00:30:08: 0: 0 0 0 0 0 0 0 0 
00:30:09: 0: 0 0 0 0 0 0 0 0 
00:30:10: 0: 0 0 0 0 0 0 0 0 
00:30:11: 0: 0 0 0 0 0 0 0 0 
00:30:12: 0: 0 0 0 0 0 0 0 0 
00:30:13: 0: 0 0 0 0 0 0 0 0 
00:30:14: 0: 0 0 0 0 0 0 0 0 
00:30:15: 0: 0 0 0 0 0 0 0 0 
00:30:16: 0: 0 0 0 0 0 0 0 0 
00:30:17: 0: 0 0 0 0 0 0 0 0 
00:30:18: 0: 0 0 0 0 0 0 0 0 
00:30:19: 0: 0 0 0 0 0 0 0 0 
00:30:20: 0: 0 0 0 0 0 0 0 0 
00:30:21: 0: 0 0 0 0 0 0 0 0 
00:30:22: 0: 0 0 0 0 0 0 0 0 
00:30:23: 0: 0 0 0 0 0 0 0 0 
00:30:24: 0: 0 0 0 0 0 0 0 0 
00:30:25: 0: 0 0 0 0 0 0 0 0 
00:30:26: 0: 0 0 0 0 0 0 0 0 
00:30:27: 0: 0 0 0 0 0 0 0 0 
00:30:28: 0: 0 0 0 0 0 0 0 0 
00:30:29: 0: 0 0 0 0 0 0 0 0 
00:30:30: 0: 0 0 0 0 0 0 0 0 
00:30:31: 0: 0 0 0 0 0 0 0 0 
00:30:32: 0: 0 0 0 0 0 0 0 0 
00:30:33: 0: 0 0 0 0 0 0 0 0 
00:30:34: 0: 0 0 0 0 0 0 0 0 
00:30:35: 0: 0 0 0 0 0 0 0 0 
00:30:36: 0: 0 0 0 0 0 0 0 0 
00:30:37: 0: 0 0 0 0 0 0 0 0 
00:30:38: 0: 0 0 0 0 0 0 0 0 
00:30:39: 0: 0 0 0 0 0 0 0 0 
00:30:40: 0: 0 0 0 0 0 0 0 0 
00:30:41: 0: 0 0 0 0 0 0 0 0 
00:30:42: 0: 0 0 0 0 0 0 0 0 
00:30:43: 0: 0 0 0 0 0 0 0 0 
00:30:44: 0: 0 0 0 0 0 0 0 0 
00:30:45: 0: 0 0 0 0 0 0 0 0 
00:30:46: 0: 0 0 0 0 0 0 0 0 
00:30:47: 0: 0 0 0 0 0 0 0 0 
00:30:48: 0: 0 0 0 0 0 0 0 0 
00:30:49: 0: 0 0 0 0 0 0 0 0 
00:30:50: 0: 0 0 0 0 0 0 0 0 
00:30:51: 0: 0 0 0 0 0 0 0 0 
00:30:52: 0: 0 0 0 0 0 0 0 0 
00:30:53: 0: 0 0 0 0 0 0 0 0 
00:30:54: 0: 0 0 0 0 0 0 0 0 
00:30:55: 0: 0 0 0 0 0 0 0 0 
00:30:56: 0: 0 0 0 0 0 0 0 0 
00:30:57: 0: 0 0 0 0 0 0 0 0 
00:30:58: 0: 0 0 0 0 0 0 0 0 
00:30:59: 0: 0 0 0 0 0 0 0 0 
00:31:00: 0: 0 0 0 0 0 0 0 0 
00:31:01: 0: 0 0 0 0 0 0 0 0 
00:31:02: 0: 0 0 0 0 0 0 0 0 
00:31:03: 0: 0 0 0 0 0 0 0 0 
00:31:04: 0: 0 0 0 0 0 0 0 0 
00:31:05: 0: 0 0 0 0 0 0 0 0 
00:31:06: 0: 0 0 0 0 0 0 0 0 
00:31:07: 0: 0 0 0 0 0 0 0 0 
00:31:08: 0: 0 0 0 0 0 0 0 0 
00:31:09: 0: 0 0 0 0 0 0 0 0 
00:31:10: 0: 0 0 0 0 0 0 0 0 
00:31:11: 0: 0 0 0 0 0 0 0 0 
00:31:12: 0: 0 0 0 0 0 0 0 0 
00:31:13: 0: 0 0 0 0 0 0 0 0 
00:31:14: 0: 0 0 0 0 0 0 0 0 
00:31:15: 0: 0 0 0 0 0 0 0 0 
00:31:16: 0: 0 0 0 0 0 0 0 0 
00:31:17: 0: 0 0 0 0 0 0 0 0 
00:31:18: 0: 0 0 0 0 0 0 0 0 
00:31:19: 0: 0 0 0 0 0 0 0 0 
00:31:20: 0: 0 0 0 0 0 0 0 0 
00:31:21: 0: 0 0 0 0 0 0 0 0 
00:31:22: 0: 0 0 0 0 0 0 0 0 
00:31:23: 0: 0 0 0 0 0 0 0 0 
00:31:24: 0: 0 0 0 0 0 0 0 0 
00:31:25: 0: 0 0 0 0 0 0 0 0 
00:31:26: 0: 0 0 0 0 0 0 0 0 
00:31:27: 0: 0 0 0 0 0 0 0 0 
00:31:28: 0: 0 0 0 0 0 0 0 0 
00:31:29: 0: 0 0 0 0 0 0 0 0 
00:31:30: 0: 0 0 0 0 0 0 0 0 
00:31:31: 0: 0 0 0 0 0 0 0 0 
00:31:32: 0: 0 0 0 0 0 0 0 0 
00:31:33: 0: 0 0 0 0 0 0 0 0 
00:31:34: 0: 0 0 0 0 0 0 0 0 
00:31:35: 0: 0 0 0 0 0 0 0 0 
00:31:36: 0: 0 0 0 0 0 0 0 0 
00:31:37: 0: 0 0 0 0 0 0 0 0 
00:31:38: 0: 0 0 0 0 0 0 0 0 
00:31:39: 0: 0 0 0 0 0 0 0 0 
00:31:40: 0: 0 0 0 0 0 0 0 0 
00:31:41: 0: 0 0 0 0 0 0 0 0 
00:31:42: 0: 0 0 0 0 0 0 0 0 
00:31:43: 0: 0 0 0 0 0 0 0 0 
00:31:44: 0: 0 0 0 0 0 0 0 0 
00:31:45: 0: 0 0 0 0 0 0 0 0 
00:31:46: 0: 0 0 0 0 0 0 0 0 
00:31:47: 0: 0 0 0 0 0 0 0 0 
00:31:48: 0: 0 0 0 0 0 0 0 0 
00:31:49: 0: 0 0 0 0 0 0 0 0 
00:31:50: 0: 0 0 0 0 0 0 0 0 
00:31:51: 0: 0 0 0 0 0 0 0 0 
00:31:52: 0: 0 0 0 0 0 0 0 0 
00:31:53: 0: 0 0 0 0 0 0 0 0 
00:31:54: 0: 0 0 0 0 0 0 0 0 
00:31:55: 0: 0 0 0 0 0 0 0 0 
00:31:56: 0: 0 0 0 0 0 0 0 0 
00:31:57: 0: 0 0 0 0 0 0 0 0 
00:31:58: 0: 0 0 0 0 0 0 0 0 
00:31:59: 0: 0 0 0 0 0 0 0 0 
00:32:00: 0: 0 0 0 0 0 0 0 0 
00:32:01: 0: 0 0 0 0 0 0 0 0 
00:32:02: 0: 0 0 0 0 0 0 0 0 
00:32:03: 0: 0 0 0 0 0 0 0 0 
00:32:04: 0: 0 0 0 0 0 0 0 0 
00:32:05: 0: 0 0 0 0 0 0 0 0 
00:32:06: 0: 0 0 0 0 0 0 0 0 
00:32:07: 0: 0 0 0 0 0 0 0 0 
00:32:08: 0: 0 0 0 0 0 0 0 0 
00:32:09: 0: 0 0 0 0 0 0 0 0 
00:32:10: 0: 0 0 0 0 0 0 0 0 
00:32:11: 0: 0 0 0 0 0 0 0 0 
00:32:12: 0: 0 0 0 0 0 0 0 0 
00:32:13: 0: 0 0 0 0 0 0 0 0 
00:32:14: 0: 0 0 0 0 0 0 0 0 
00:32:15: 0: 0 0 0 0 0 0 0 0 
00:32:16: 0: 0 0 0 0 0 0 0 0 
00:32:17: 0: 0 0 0 0 0 0 0 0 
00:32:18: 0: 0 0 0 0 0 0 0 0 
00:32:19: 0: 0 0 0 0 0 0 0 0 
00:32:20: 0: 0 0 0 0 0 0 0 0 
00:32:21: 0: 0 0 0 0 0 0 0 0 
00:32:22: 0: 0 0 0 0 0 0 0 0 
