05:29:35: 1: 0 0 0 0 0 0 0 0 
05:29:36: 1: 0 0 0 0 0 0 0 0 
05:29:37: 1: 0 0 0 0 0 0 0 0 
05:29:38: 1: 0 0 0 0 0 0 0 0 
05:29:39: 1: 0 0 0 0 0 0 0 0 
05:29:40: 1: 0 0 0 0 0 0 0 0 
05:29:41: 1: 0 0 0 0 0 0 0 0 
05:29:42: 1: 0 0 0 0 0 0 0 0 
05:29:43: 1: 0 0 0 0 0 0 0 0 
05:29:44: 1: 0 0 0 0 0 0 0 0 
05:29:45: 1: 0 0 0 0 0 0 0 0 
05:29:46: 4: 70 0 65 0 0 0 0 0 
05:29:47: 1: 0 0 0 0 0 0 0 0 
05:29:48: 1: 0 0 0 0 0 0 0 0 
05:29:49: 1: 0 0 0 0 0 0 0 0 
05:29:50: 1: 0 0 0 0 0 0 0 0 
05:29:51: 1: 0 0 0 0 0 0 0 0 
05:29:52: 1: 0 0 0 0 0 0 0 0 
05:29:53: 1: 0 0 0 0 0 0 0 0 
05:29:54: 1: 0 0 0 0 0 0 0 0 
05:29:55: 1: 0 0 0 0 0 0 0 0 
05:29:56: 1: 0 0 0 0 0 0 0 0 
05:29:57: 1: 0 0 0 0 0 0 0 0 
05:29:58: 1: 0 0 0 0 0 0 0 0 
05:29:59: 1: 0 0 0 0 0 0 0 0 
05:30:00: 1: 0 0 0 0 0 0 0 0 
05:30:01: 1: 0 0 0 0 0 0 0 0 
05:30:02: 1: 0 0 0 0 0 0 0 0 
05:30:03: 1: 0 0 0 0 0 0 0 0 
05:30:04: 1: 0 0 0 0 0 0 0 0 
05:31:34: 1: 0 150 0 0 0 0 0 0 
05:31:35: 1: 0 150 0 0 0 0 0 0 
05:31:36: 1: 0 150 0 0 0 0 0 0 
05:31:37: 1: 0 150 0 0 0 0 0 0 
05:31:38: 1: 0 150 0 0 0 0 0 0 
05:31:39: 1: 0 150 0 0 0 0 0 0 
05:31:40: 1: 0 150 0 0 0 0 0 0 
05:31:41: 1: 0 150 0 0 0 0 0 0 
05:31:42: 1: 0 150 0 0 0 0 0 0 
05:31:43: 1: 0 150 0 0 0 0 0 0 
05:31:44: 1: 0 150 0 0 0 0 0 0 
05:31:45: 1: 0 150 0 0 0 0 0 0 
05:31:46: 1: 0 150 0 0 0 0 0 0 
05:31:47: 1: 0 150 0 0 0 0 0 0 
05:31:48: 1: 0 150 0 0 0 0 0 0 
05:31:49: 1: 0 150 0 0 0 0 0 0 
05:31:50: 1: 0 150 0 0 0 0 0 0 
05:31:51: 1: 0 150 0 0 0 0 0 0 
05:31:52: 1: 0 150 0 0 0 0 0 0 
05:31:53: 1: 0 150 0 0 0 0 0 0 
05:31:54: 1: 0 150 0 0 0 0 0 0 
05:31:55: 1: 0 150 0 0 0 0 0 0 
05:31:56: 1: 0 150 0 0 0 0 0 0 
05:31:57: 1: 0 150 0 0 0 0 0 0 
05:31:58: 1: 0 150 0 0 0 0 0 0 
05:31:59: 1: 0 150 0 0 0 0 0 0 
05:32:00: 1: 0 150 0 0 0 0 0 0 
05:32:01: 1: 0 150 0 0 0 0 0 0 
05:32:02: 1: 0 150 0 0 0 0 0 0 
05:32:03: 1: 0 150 0 0 0 0 0 0 
05:32:04: 1: 0 150 0 0 0 0 0 0 
05:32:05: 1: 0 150 0 0 0 0 0 0 
05:32:06: 1: 0 150 0 0 0 0 0 0 
05:32:07: 1: 0 150 0 0 0 0 0 0 
05:32:08: 1: 0 150 0 0 0 0 0 0 
05:32:09: 1: 0 150 0 0 0 0 0 0 
05:32:10: 1: 0 150 0 0 0 0 0 0 
05:32:11: 1: 0 150 0 0 0 0 0 0 
05:32:12: 1: 0 150 0 0 0 0 0 0 
05:32:13: 1: 0 150 0 0 0 0 0 0 
05:32:14: 1: 0 150 0 0 0 0 0 0 
05:32:15: 1: 0 150 0 0 0 0 0 0 
05:32:16: 1: 0 150 0 0 0 0 0 0 
05:32:17: 1: 0 150 0 0 0 0 0 0 
05:32:18: 1: 0 150 0 0 0 0 0 0 
05:32:19: 1: 0 150 0 0 0 0 0 0 
05:32:20: 1: 0 150 0 0 0 0 0 0 
05:32:27: 1: 0 150 0 0 0 0 0 0 
05:32:28: 1: 0 150 0 0 0 0 0 0 
05:32:29: 1: 0 150 0 0 0 0 0 0 
05:32:30: 1: 0 150 0 0 0 0 0 0 
05:32:31: 1: 0 150 0 0 0 0 0 0 
05:32:32: 1: 0 150 0 0 0 0 0 0 
05:32:33: 1: 0 150 0 0 0 0 0 0 
05:32:34: 1: 0 150 0 0 0 0 0 0 
05:32:35: 1: 0 150 0 0 0 0 0 0 
05:32:36: 1: 0 150 0 0 0 0 0 0 
05:32:37: 1: 0 150 0 0 0 0 0 0 
05:32:38: 1: 0 150 0 0 0 0 0 0 
05:32:39: 1: 0 150 0 0 0 0 0 0 
05:32:40: 1: 0 150 0 0 0 0 0 0 
05:32:41: 1: 0 150 0 0 0 0 0 0 
05:32:42: 1: 0 150 0 0 0 0 0 0 
05:32:43: 1: 0 150 0 0 0 0 0 0 
05:32:44: 1: 0 150 0 0 0 0 0 0 
05:32:45: 1: 0 150 0 0 0 0 0 0 
05:32:46: 1: 0 150 0 0 0 0 0 0 
05:32:47: 1: 0 150 0 0 0 0 0 0 
05:32:48: 1: 0 150 0 0 0 0 0 0 
05:32:49: 1: 0 150 0 0 0 0 0 0 
05:32:50: 1: 0 150 0 0 0 0 0 0 
05:32:51: 1: 0 150 0 0 0 0 0 0 
05:32:52: 1: 0 150 0 0 0 0 0 0 
05:32:53: 1: 0 150 0 0 0 0 0 0 
05:32:54: 1: 0 150 0 0 0 0 0 0 
05:32:55: 1: 0 150 0 0 0 0 0 0 
05:32:56: 1: 0 150 0 0 0 0 0 0 
05:32:57: 1: 0 150 0 0 0 0 0 0 
05:32:58: 1: 0 150 0 0 0 0 0 0 
05:32:59: 1: 0 150 0 0 0 0 0 0 
05:33:00: 1: 0 150 0 0 0 0 0 0 
05:33:01: 1: 0 150 0 0 0 0 0 0 
05:33:02: 1: 0 150 0 0 0 0 0 0 
05:33:03: 1: 0 150 0 0 0 0 0 0 
05:33:04: 1: 0 150 0 0 0 0 0 0 
05:33:05: 1: 0 150 0 0 0 0 0 0 
05:33:06: 1: 0 150 0 0 0 0 0 0 
05:33:07: 1: 0 150 0 0 0 0 0 0 
05:33:08: 1: 0 150 0 0 0 0 0 0 
05:33:09: 1: 0 150 0 0 0 0 0 0 
05:33:10: 1: 0 150 0 0 0 0 0 0 
05:33:11: 1: 0 150 0 0 0 0 0 0 
05:33:12: 1: 0 150 0 0 0 0 0 0 
05:33:13: 1: 0 150 0 0 0 0 0 0 
05:33:14: 1: 0 150 0 0 0 0 0 0 
05:33:15: 1: 0 150 0 0 0 0 0 0 
05:33:16: 1: 0 150 0 0 0 0 0 0 
05:33:17: 1: 0 150 0 0 0 0 0 0 
05:33:18: 1: 0 150 0 0 0 0 0 0 
05:33:19: 1: 0 150 0 0 0 0 0 0 
05:33:20: 1: 0 150 0 0 0 0 0 0 
05:33:21: 1: 0 150 0 0 0 0 0 0 
05:33:22: 1: 0 150 0 0 0 0 0 0 
05:33:23: 1: 0 150 0 0 0 0 0 0 
05:33:24: 1: 0 150 0 0 0 0 0 0 
05:33:25: 1: 0 150 0 0 0 0 0 0 
05:33:27: 1: 0 150 0 0 0 0 0 0 
05:33:28: 1: 0 150 0 0 0 0 0 0 
05:33:29: 1: 0 150 0 0 0 0 0 0 
05:33:30: 1: 0 150 0 0 0 0 0 0 
05:33:31: 1: 0 150 0 0 0 0 0 0 
05:33:32: 1: 0 150 0 0 0 0 0 0 
05:33:33: 1: 0 150 0 0 0 0 0 0 
05:33:34: 1: 0 150 0 0 0 0 0 0 
05:33:35: 1: 0 150 0 0 0 0 0 0 
05:33:36: 1: 0 150 0 0 0 0 0 0 
05:33:37: 1: 0 150 0 0 0 0 0 0 
05:33:38: 1: 0 150 0 0 0 0 0 0 
05:33:39: 1: 0 150 0 0 0 0 0 0 
05:33:40: 1: 0 150 0 0 0 0 0 0 
05:33:41: 1: 0 150 0 0 0 0 0 0 
05:33:42: 1: 0 150 0 0 0 0 0 0 
05:33:43: 1: 0 150 0 0 0 0 0 0 
05:33:44: 1: 0 150 0 0 0 0 0 0 
05:33:45: 1: 0 150 0 0 0 0 0 0 
05:33:46: 1: 0 150 0 0 0 0 0 0 
05:33:47: 1: 0 150 0 0 0 0 0 0 
05:33:48: 1: 0 150 0 0 0 0 0 0 
05:33:49: 4: 70 0 65 0 0 0 0 0 
05:33:50: 1: 0 150 0 0 0 0 0 0 
05:33:51: 1: 0 150 0 0 0 0 0 0 
05:33:52: 4: 70 0 65 0 0 0 0 0 
05:33:53: 1: 0 150 0 0 0 0 0 0 
05:33:54: 1: 0 150 0 0 0 0 0 0 
05:33:55: 1: 0 150 0 0 0 0 0 0 
05:33:59: 1: 0 150 0 0 0 0 0 0 
05:34:00: 1: 0 150 0 0 0 0 0 0 
05:34:01: 1: 0 150 0 0 0 0 0 0 
05:34:02: 1: 0 150 0 0 0 0 0 0 
05:34:03: 1: 0 150 0 0 0 0 0 0 
05:34:04: 1: 0 150 0 0 0 0 0 0 
05:34:05: 1: 0 150 0 0 0 0 0 0 
05:34:06: 1: 0 150 0 0 0 0 0 0 
05:34:07: 1: 0 150 0 0 0 0 0 0 
05:34:08: 1: 0 150 0 0 0 0 0 0 
05:34:09: 1: 0 150 0 0 0 0 0 0 
05:34:10: 1: 0 150 0 0 0 0 0 0 
05:34:11: 1: 0 150 0 0 0 0 0 0 
05:34:12: 1: 0 150 0 0 0 0 0 0 
05:34:13: 1: 0 150 0 0 0 0 0 0 
05:34:14: 1: 0 150 0 0 0 0 0 0 
05:34:15: 1: 0 150 0 0 0 0 0 0 
05:34:16: 1: 0 150 0 0 0 0 0 0 
05:34:17: 1: 0 150 0 0 0 0 0 0 
05:34:18: 1: 0 150 0 0 0 0 0 0 
05:34:19: 1: 0 150 0 0 0 0 0 0 
05:34:20: 1: 0 150 0 0 0 0 0 0 
05:34:21: 1: 0 150 0 0 0 0 0 0 
05:34:22: 1: 0 150 0 0 0 0 0 0 
05:34:23: 1: 0 150 0 0 0 0 0 0 
05:34:24: 4: 70 0 65 0 0 0 0 0 
05:34:25: 1: 0 150 0 0 0 0 0 0 
05:34:26: 1: 0 150 0 0 0 0 0 0 
05:34:27: 1: 0 150 0 0 0 0 0 0 
05:34:28: 1: 0 150 0 0 0 0 0 0 
05:34:29: 1: 0 150 0 0 0 0 0 0 
05:34:30: 1: 0 150 0 0 0 0 0 0 
05:34:31: 1: 0 150 0 0 0 0 0 0 
05:34:32: 1: 0 150 0 0 0 0 0 0 
05:34:33: 1: 0 150 0 0 0 0 0 0 
05:34:34: 1: 0 150 0 0 0 0 0 0 
05:34:35: 1: 0 150 0 0 0 0 0 0 
05:34:36: 1: 0 150 0 0 0 0 0 0 
05:34:37: 1: 0 150 0 0 0 0 0 0 
05:34:38: 1: 0 150 0 0 0 0 0 0 
05:34:39: 1: 0 150 0 0 0 0 0 0 
05:34:40: 1: 0 150 0 0 0 0 0 0 
05:34:41: 1: 0 150 0 0 0 0 0 0 
05:34:42: 1: 0 150 0 0 0 0 0 0 
05:34:43: 1: 0 150 0 0 0 0 0 0 
05:34:44: 1: 0 150 0 0 0 0 0 0 
05:34:45: 1: 0 150 0 0 0 0 0 0 
05:34:46: 1: 0 150 0 0 0 0 0 0 
05:34:47: 1: 0 150 0 0 0 0 0 0 
05:34:48: 1: 0 150 0 0 0 0 0 0 
05:34:49: 1: 0 150 0 0 0 0 0 0 
05:34:50: 1: 0 150 0 0 0 0 0 0 
05:34:51: 1: 0 150 0 0 0 0 0 0 
05:34:52: 1: 0 150 0 0 0 0 0 0 
05:34:53: 1: 0 150 0 0 0 0 0 0 
05:34:54: 1: 0 150 0 0 0 0 0 0 
05:34:55: 1: 0 150 0 0 0 0 0 0 
05:34:56: 1: 0 150 0 0 0 0 0 0 
05:34:57: 1: 0 150 0 0 0 0 0 0 
05:34:58: 1: 0 150 0 0 0 0 0 0 
05:34:59: 1: 0 150 0 0 0 0 0 0 
05:35:00: 1: 0 150 0 0 0 0 0 0 
05:35:01: 1: 0 150 0 0 0 0 0 0 
05:35:02: 1: 0 150 0 0 0 0 0 0 
05:35:03: 1: 0 150 0 0 0 0 0 0 
05:35:04: 1: 0 150 0 0 0 0 0 0 
05:35:05: 1: 0 150 0 0 0 0 0 0 
05:35:06: 1: 0 150 0 0 0 0 0 0 
05:35:07: 1: 0 150 0 0 0 0 0 0 
05:35:08: 1: 0 150 0 0 0 0 0 0 
05:35:09: 1: 0 150 0 0 0 0 0 0 
05:35:10: 1: 0 150 0 0 0 0 0 0 
05:35:11: 1: 0 150 0 0 0 0 0 0 
05:35:12: 1: 0 150 0 0 0 0 0 0 
05:35:13: 1: 0 150 0 0 0 0 0 0 
05:35:14: 1: 0 150 0 0 0 0 0 0 
05:35:15: 1: 0 150 0 0 0 0 0 0 
05:35:16: 1: 0 150 0 0 0 0 0 0 
05:35:25: 1: 0 150 0 0 0 0 0 0 
05:35:26: 1: 0 150 0 0 0 0 0 0 
05:35:27: 1: 0 150 0 0 0 0 0 0 
05:35:28: 1: 0 150 0 0 0 0 0 0 
05:35:29: 1: 0 150 0 0 0 0 0 0 
05:35:30: 1: 0 150 0 0 0 0 0 0 
05:35:31: 1: 0 150 0 0 0 0 0 0 
05:35:32: 1: 0 150 0 0 0 0 0 0 
05:35:33: 1: 0 150 0 0 0 0 0 0 
05:35:34: 1: 0 150 0 0 0 0 0 0 
05:35:35: 1: 0 150 0 0 0 0 0 0 
05:35:36: 1: 0 150 0 0 0 0 0 0 
05:35:37: 1: 0 150 0 0 0 0 0 0 
05:35:38: 1: 0 150 0 0 0 0 0 0 
05:35:39: 1: 0 150 0 0 0 0 0 0 
05:35:40: 1: 0 150 0 0 0 0 0 0 
05:35:41: 1: 0 150 0 0 0 0 0 0 
05:35:42: 1: 0 150 0 0 0 0 0 0 
05:35:43: 1: 0 150 0 0 0 0 0 0 
05:35:44: 1: 0 150 0 0 0 0 0 0 
05:35:45: 1: 0 150 0 0 0 0 0 0 
05:35:46: 1: 0 150 0 0 0 0 0 0 
05:35:47: 1: 0 150 0 0 0 0 0 0 
05:35:48: 1: 0 150 0 0 0 0 0 0 
05:35:49: 1: 0 150 0 0 0 0 0 0 
05:35:50: 1: 0 150 0 0 0 0 0 0 
05:35:51: 1: 0 150 0 0 0 0 0 0 
05:35:52: 1: 0 150 0 0 0 0 0 0 
05:35:53: 1: 0 150 0 0 0 0 0 0 
05:35:54: 1: 0 150 0 0 0 0 0 0 
05:35:55: 1: 0 150 0 0 0 0 0 0 
05:35:56: 1: 0 150 0 0 0 0 0 0 
05:35:57: 1: 0 150 0 0 0 0 0 0 
05:35:58: 1: 0 150 0 0 0 0 0 0 
05:35:59: 1: 0 150 0 0 0 0 0 0 
05:36:00: 1: 0 150 0 0 0 0 0 0 
05:36:01: 1: 0 150 0 0 0 0 0 0 
05:36:02: 1: 0 150 0 0 0 0 0 0 
05:36:03: 1: 0 150 0 0 0 0 0 0 
05:36:04: 1: 0 150 0 0 0 0 0 0 
05:36:05: 1: 0 150 0 0 0 0 0 0 
05:36:06: 1: 0 150 0 0 0 0 0 0 
05:36:07: 1: 0 150 0 0 0 0 0 0 
05:36:08: 1: 0 150 0 0 0 0 0 0 
05:36:09: 1: 0 150 0 0 0 0 0 0 
05:36:10: 1: 0 150 0 0 0 0 0 0 
05:36:11: 1: 0 150 0 0 0 0 0 0 
05:36:12: 1: 0 150 0 0 0 0 0 0 
05:36:13: 1: 0 150 0 0 0 0 0 0 
05:36:14: 1: 0 150 0 0 0 0 0 0 
05:36:15: 1: 0 150 0 0 0 0 0 0 
05:36:16: 1: 0 150 0 0 0 0 0 0 
05:36:17: 1: 0 150 0 0 0 0 0 0 
05:36:18: 1: 0 150 0 0 0 0 0 0 
05:36:19: 1: 0 150 0 0 0 0 0 0 
05:36:20: 1: 0 150 0 0 0 0 0 0 
05:36:21: 1: 0 150 0 0 0 0 0 0 
05:36:22: 1: 0 150 0 0 0 0 0 0 
05:36:23: 1: 0 150 0 0 0 0 0 0 
05:36:24: 1: 0 150 0 0 0 0 0 0 
05:36:25: 1: 0 150 0 0 0 0 0 0 
05:36:26: 1: 0 150 0 0 0 0 0 0 
05:36:27: 1: 0 150 0 0 0 0 0 0 
05:36:28: 1: 0 150 0 0 0 0 0 0 
05:36:29: 1: 0 150 0 0 0 0 0 0 
05:36:30: 1: 0 150 0 0 0 0 0 0 
05:36:31: 1: 0 150 0 0 0 0 0 0 
05:36:32: 1: 0 150 0 0 0 0 0 0 
05:36:33: 1: 0 150 0 0 0 0 0 0 
05:36:34: 1: 0 150 0 0 0 0 0 0 
05:36:35: 1: 0 150 0 0 0 0 0 0 
05:36:36: 1: 0 150 0 0 0 0 0 0 
05:36:37: 1: 0 150 0 0 0 0 0 0 
05:36:38: 1: 0 150 0 0 0 0 0 0 
05:36:39: 1: 0 150 0 0 0 0 0 0 
05:36:40: 1: 0 150 0 0 0 0 0 0 
05:36:41: 1: 0 150 0 0 0 0 0 0 
05:36:42: 1: 0 150 0 0 0 0 0 0 
05:36:43: 1: 0 150 0 0 0 0 0 0 
05:36:44: 1: 0 150 0 0 0 0 0 0 
05:36:45: 1: 0 150 0 0 0 0 0 0 
05:36:46: 1: 0 150 0 0 0 0 0 0 
05:36:47: 1: 0 150 0 0 0 0 0 0 
05:36:48: 1: 0 150 0 0 0 0 0 0 
05:36:49: 1: 0 150 0 0 0 0 0 0 
05:36:50: 1: 0 150 0 0 0 0 0 0 
05:36:51: 1: 0 150 0 0 0 0 0 0 
05:36:52: 1: 0 150 0 0 0 0 0 0 
05:36:53: 1: 0 150 0 0 0 0 0 0 
05:36:54: 1: 0 150 0 0 0 0 0 0 
05:36:55: 1: 0 150 0 0 0 0 0 0 
05:36:56: 1: 0 150 0 0 0 0 0 0 
05:36:57: 1: 0 150 0 0 0 0 0 0 
05:36:58: 1: 0 150 0 0 0 0 0 0 
05:36:59: 1: 0 150 0 0 0 0 0 0 
05:37:00: 1: 0 150 0 0 0 0 0 0 
05:37:01: 1: 0 150 0 0 0 0 0 0 
05:37:03: 1: 0 150 0 0 0 0 0 0 
05:37:04: 1: 0 150 0 0 0 0 0 0 
05:37:05: 1: 0 150 0 0 0 0 0 0 
05:37:06: 1: 0 150 0 0 0 0 0 0 
05:37:07: 1: 0 150 0 0 0 0 0 0 
05:37:15: 1: 0 150 0 0 0 0 0 0 
05:37:16: 1: 0 150 0 0 0 0 0 0 
05:37:17: 1: 0 150 0 0 0 0 0 0 
05:37:18: 1: 0 150 0 0 0 0 0 0 
05:37:19: 1: 0 150 0 0 0 0 0 0 
05:37:20: 1: 0 150 0 0 0 0 0 0 
05:37:21: 1: 0 150 0 0 0 0 0 0 
05:37:22: 1: 0 150 0 0 0 0 0 0 
05:37:23: 1: 0 150 0 0 0 0 0 0 
05:37:24: 1: 0 150 0 0 0 0 0 0 
05:37:25: 1: 0 150 0 0 0 0 0 0 
05:37:26: 1: 0 150 0 0 0 0 0 0 
05:37:27: 4: 70 0 65 0 0 0 0 0 
05:37:28: 1: 0 150 0 0 0 0 0 0 
05:37:29: 1: 0 150 0 0 0 0 0 0 
05:37:30: 1: 0 150 0 0 0 0 0 0 
05:37:31: 1: 0 150 0 0 0 0 0 0 
05:37:32: 1: 0 150 0 0 0 0 0 0 
05:37:33: 1: 0 150 0 0 0 0 0 0 
05:37:34: 1: 0 150 0 0 0 0 0 0 
05:37:35: 1: 0 150 0 0 0 0 0 0 
05:37:36: 1: 0 150 0 0 0 0 0 0 
00:34:06: 1: 0 150 0 0 0 0 0 0 
00:34:07: 1: 0 150 0 0 0 0 0 0 
00:34:08: 1: 0 150 0 0 0 0 0 0 
00:34:09: 1: 0 150 0 0 0 0 0 0 
00:34:10: 1: 0 150 0 0 0 0 0 0 
00:34:11: 1: 0 150 0 0 0 0 0 0 
00:34:12: 1: 0 150 0 0 0 0 0 0 
00:34:13: 1: 0 150 0 0 0 0 0 0 
00:34:14: 1: 0 150 0 0 0 0 0 0 
00:34:15: 1: 0 150 0 0 0 0 0 0 
00:35:03: 1: 0 150 0 0 0 0 0 0 
00:35:04: 1: 0 150 0 0 0 0 0 0 
00:35:05: 1: 0 150 0 0 0 0 0 0 
00:35:06: 1: 0 150 0 0 0 0 0 0 
00:35:07: 1: 0 150 0 0 0 0 0 0 
00:35:08: 1: 0 150 0 0 0 0 0 0 
00:35:09: 1: 0 150 0 0 0 0 0 0 
00:35:10: 1: 0 150 0 0 0 0 0 0 
00:35:11: 1: 0 150 0 0 0 0 0 0 
00:35:12: 1: 0 150 0 0 0 0 0 0 
00:35:13: 1: 0 150 0 0 0 0 0 0 
00:35:14: 1: 0 150 0 0 0 0 0 0 
00:35:15: 1: 0 150 0 0 0 0 0 0 
00:35:16: 1: 0 150 0 0 0 0 0 0 
00:35:17: 1: 0 150 0 0 0 0 0 0 
00:35:18: 1: 0 150 0 0 0 0 0 0 
00:35:19: 1: 0 150 0 0 0 0 0 0 
00:35:20: 1: 0 150 0 0 0 0 0 0 
00:35:21: 1: 0 150 0 0 0 0 0 0 
00:35:22: 1: 0 150 0 0 0 0 0 0 
00:35:23: 1: 0 150 0 0 0 0 0 0 
00:35:24: 1: 0 150 0 0 0 0 0 0 
00:35:25: 1: 0 150 0 0 0 0 0 0 
00:35:26: 1: 0 150 0 0 0 0 0 0 
00:35:27: 1: 0 150 0 0 0 0 0 0 
00:35:28: 1: 0 150 0 0 0 0 0 0 
00:35:29: 1: 0 150 0 0 0 0 0 0 
00:35:30: 1: 0 150 0 0 0 0 0 0 
00:35:31: 1: 0 150 0 0 0 0 0 0 
00:35:32: 1: 0 150 0 0 0 0 0 0 
00:35:33: 1: 0 150 0 0 0 0 0 0 
00:35:34: 1: 0 150 0 0 0 0 0 0 
00:35:35: 1: 0 150 0 0 0 0 0 0 
00:35:36: 1: 0 150 0 0 0 0 0 0 
00:35:37: 1: 0 150 0 0 0 0 0 0 
00:35:38: 1: 0 150 0 0 0 0 0 0 
00:35:39: 1: 0 150 0 0 0 0 0 0 
00:35:40: 1: 0 150 0 0 0 0 0 0 
00:35:41: 1: 0 150 0 0 0 0 0 0 
00:35:42: 1: 0 150 0 0 0 0 0 0 
00:35:43: 1: 0 150 0 0 0 0 0 0 
00:35:44: 1: 0 150 0 0 0 0 0 0 
00:35:45: 1: 0 150 0 0 0 0 0 0 
00:35:46: 1: 0 150 0 0 0 0 0 0 
00:35:47: 1: 0 150 0 0 0 0 0 0 
00:35:48: 1: 0 150 0 0 0 0 0 0 
00:35:49: 1: 0 150 0 0 0 0 0 0 
00:35:50: 1: 0 150 0 0 0 0 0 0 
00:35:51: 1: 0 150 0 0 0 0 0 0 
00:35:52: 1: 0 150 0 0 0 0 0 0 
00:35:53: 1: 0 150 0 0 0 0 0 0 
00:35:54: 1: 0 150 0 0 0 0 0 0 
00:35:55: 1: 0 150 0 0 0 0 0 0 
00:35:56: 1: 0 150 0 0 0 0 0 0 
00:35:57: 1: 0 150 0 0 0 0 0 0 
00:35:58: 1: 0 150 0 0 0 0 0 0 
00:35:59: 1: 0 150 0 0 0 0 0 0 
00:36:00: 1: 0 150 0 0 0 0 0 0 
00:36:01: 1: 0 150 0 0 0 0 0 0 
00:36:02: 1: 0 150 0 0 0 0 0 0 
00:36:03: 1: 0 150 0 0 0 0 0 0 
00:36:04: 1: 0 150 0 0 0 0 0 0 
00:36:05: 1: 0 150 0 0 0 0 0 0 
00:36:06: 1: 0 150 0 0 0 0 0 0 
00:36:07: 1: 0 150 0 0 0 0 0 0 
00:36:08: 1: 0 150 0 0 0 0 0 0 
00:36:09: 1: 0 150 0 0 0 0 0 0 
00:36:10: 1: 0 150 0 0 0 0 0 0 
00:36:11: 1: 0 150 0 0 0 0 0 0 
00:36:26: 1: 0 150 0 0 0 0 0 0 
00:36:27: 1: 0 150 0 0 0 0 0 0 
00:36:29: 1: 0 150 0 0 0 0 0 0 
00:36:30: 1: 0 150 0 0 0 0 0 0 
00:36:31: 1: 0 150 0 0 0 0 0 0 
00:36:32: 1: 0 150 0 0 0 0 0 0 
00:36:33: 1: 0 150 0 0 0 0 0 0 
00:36:34: 1: 0 150 0 0 0 0 0 0 
00:36:35: 1: 0 150 0 0 0 0 0 0 
00:36:36: 1: 0 150 0 0 0 0 0 0 
00:36:37: 1: 0 150 0 0 0 0 0 0 
00:36:38: 1: 0 150 0 0 0 0 0 0 
00:36:39: 1: 0 150 0 0 0 0 0 0 
00:36:40: 1: 0 150 0 0 0 0 0 0 
00:36:41: 1: 0 150 0 0 0 0 0 0 
00:36:42: 1: 0 150 0 0 0 0 0 0 
00:36:43: 1: 0 150 0 0 0 0 0 0 
00:36:44: 1: 0 150 0 0 0 0 0 0 
00:36:45: 1: 0 150 0 0 0 0 0 0 
00:36:46: 1: 0 150 0 0 0 0 0 0 
00:36:47: 1: 0 150 0 0 0 0 0 0 
00:36:48: 1: 0 150 0 0 0 0 0 0 
00:36:49: 1: 0 150 0 0 0 0 0 0 
00:36:50: 1: 0 150 0 0 0 0 0 0 
00:36:51: 1: 0 150 0 0 0 0 0 0 
00:36:52: 1: 0 150 0 0 0 0 0 0 
00:36:53: 1: 0 150 0 0 0 0 0 0 
00:36:54: 1: 0 150 0 0 0 0 0 0 
00:36:55: 1: 0 150 0 0 0 0 0 0 
00:36:56: 1: 0 150 0 0 0 0 0 0 
00:36:57: 1: 0 150 0 0 0 0 0 0 
00:36:58: 1: 0 150 0 0 0 0 0 0 
00:36:59: 1: 0 150 0 0 0 0 0 0 
00:37:00: 1: 0 150 0 0 0 0 0 0 
00:37:01: 1: 0 150 0 0 0 0 0 0 
00:37:02: 1: 0 150 0 0 0 0 0 0 
00:37:03: 1: 0 150 0 0 0 0 0 0 
00:37:04: 1: 0 150 0 0 0 0 0 0 
00:37:05: 1: 0 150 0 0 0 0 0 0 
00:37:06: 1: 0 150 0 0 0 0 0 0 
00:37:07: 1: 0 150 0 0 0 0 0 0 
00:37:08: 1: 0 150 0 0 0 0 0 0 
00:37:09: 1: 0 150 0 0 0 0 0 0 
00:37:10: 1: 0 150 0 0 0 0 0 0 
00:37:11: 1: 0 150 0 0 0 0 0 0 
00:37:12: 1: 0 150 0 0 0 0 0 0 
00:37:13: 1: 0 150 0 0 0 0 0 0 
00:37:14: 1: 0 150 0 0 0 0 0 0 
00:37:15: 1: 0 150 0 0 0 0 0 0 
00:37:16: 1: 0 150 0 0 0 0 0 0 
00:37:17: 1: 0 150 0 0 0 0 0 0 
00:37:18: 1: 0 150 0 0 0 0 0 0 
00:37:19: 1: 0 150 0 0 0 0 0 0 
00:37:20: 1: 0 150 0 0 0 0 0 0 
00:37:21: 1: 0 150 0 0 0 0 0 0 
00:37:22: 1: 0 150 0 0 0 0 0 0 
00:37:23: 1: 0 150 0 0 0 0 0 0 
00:37:24: 1: 0 150 0 0 0 0 0 0 
00:37:25: 1: 0 150 0 0 0 0 0 0 
00:37:26: 1: 0 150 0 0 0 0 0 0 
00:37:27: 1: 0 150 0 0 0 0 0 0 
00:37:28: 1: 0 150 0 0 0 0 0 0 
00:37:29: 1: 0 150 0 0 0 0 0 0 
00:37:30: 1: 0 150 0 0 0 0 0 0 
00:37:31: 1: 0 150 0 0 0 0 0 0 
00:37:32: 1: 0 150 0 0 0 0 0 0 
00:37:33: 1: 0 150 0 0 0 0 0 0 
00:37:34: 1: 0 150 0 0 0 0 0 0 
00:37:35: 1: 0 150 0 0 0 0 0 0 
00:37:36: 1: 0 150 0 0 0 0 0 0 
00:37:37: 1: 0 150 0 0 0 0 0 0 
00:37:38: 1: 0 150 0 0 0 0 0 0 
00:37:39: 1: 0 150 0 0 0 0 0 0 
00:37:40: 1: 0 150 0 0 0 0 0 0 
00:37:41: 1: 0 150 0 0 0 0 0 0 
00:37:42: 1: 0 150 0 0 0 0 0 0 
00:37:43: 1: 0 150 0 0 0 0 0 0 
00:37:44: 1: 0 150 0 0 0 0 0 0 
00:37:45: 1: 0 150 0 0 0 0 0 0 
00:37:46: 1: 0 150 0 0 0 0 0 0 
00:37:47: 1: 0 150 0 0 0 0 0 0 
00:37:48: 1: 0 150 0 0 0 0 0 0 
00:37:49: 1: 0 150 0 0 0 0 0 0 
00:37:50: 1: 0 150 0 0 0 0 0 0 
00:37:51: 1: 0 150 0 0 0 0 0 0 
00:37:52: 1: 0 150 0 0 0 0 0 0 
00:37:53: 1: 0 150 0 0 0 0 0 0 
00:37:54: 1: 0 150 0 0 0 0 0 0 
00:37:55: 1: 0 150 0 0 0 0 0 0 
00:37:56: 1: 0 150 0 0 0 0 0 0 
00:37:57: 1: 0 150 0 0 0 0 0 0 
00:37:58: 1: 0 150 0 0 0 0 0 0 
00:37:59: 1: 0 150 0 0 0 0 0 0 
00:38:00: 1: 0 150 0 0 0 0 0 0 
00:38:01: 1: 0 150 0 0 0 0 0 0 
00:38:02: 1: 0 150 0 0 0 0 0 0 
00:38:03: 1: 0 150 0 0 0 0 0 0 
00:38:04: 1: 0 150 0 0 0 0 0 0 
00:38:05: 1: 0 150 0 0 0 0 0 0 
00:38:06: 1: 0 150 0 0 0 0 0 0 
00:38:07: 1: 0 150 0 0 0 0 0 0 
00:38:08: 1: 0 150 0 0 0 0 0 0 
00:38:09: 1: 0 150 0 0 0 0 0 0 
00:38:10: 1: 0 150 0 0 0 0 0 0 
00:38:11: 1: 0 150 0 0 0 0 0 0 
00:38:12: 1: 0 150 0 0 0 0 0 0 
00:38:13: 1: 0 150 0 0 0 0 0 0 
00:38:14: 1: 0 150 0 0 0 0 0 0 
00:38:15: 1: 0 150 0 0 0 0 0 0 
00:38:16: 1: 0 150 0 0 0 0 0 0 
00:38:29: 1: 0 150 0 0 0 0 0 0 
00:38:30: 1: 0 150 0 0 0 0 0 0 
00:38:31: 1: 0 150 0 0 0 0 0 0 
00:38:32: 1: 0 150 0 0 0 0 0 0 
00:38:33: 1: 0 150 0 0 0 0 0 0 
00:38:34: 1: 0 150 0 0 0 0 0 0 
00:38:35: 1: 0 150 0 0 0 0 0 0 
00:38:36: 1: 0 150 0 0 0 0 0 0 
00:38:37: 1: 0 150 0 0 0 0 0 0 
00:38:38: 1: 0 150 0 0 0 0 0 0 
00:38:39: 1: 0 150 0 0 0 0 0 0 
00:38:40: 1: 0 150 0 0 0 0 0 0 
00:38:41: 1: 0 150 0 0 0 0 0 0 
00:38:42: 1: 0 150 0 0 0 0 0 0 
00:38:43: 1: 0 150 0 0 0 0 0 0 
00:38:44: 1: 0 150 0 0 0 0 0 0 
00:38:45: 1: 0 150 0 0 0 0 0 0 
00:38:46: 1: 0 150 0 0 0 0 0 0 
00:38:47: 1: 0 150 0 0 0 0 0 0 
00:38:48: 1: 0 150 0 0 0 0 0 0 
00:38:49: 1: 0 150 0 0 0 0 0 0 
00:38:50: 1: 0 150 0 0 0 0 0 0 
00:38:51: 1: 0 150 0 0 0 0 0 0 
00:38:52: 1: 0 150 0 0 0 0 0 0 
00:38:53: 1: 0 150 0 0 0 0 0 0 
00:38:54: 1: 0 150 0 0 0 0 0 0 
00:38:55: 1: 0 150 0 0 0 0 0 0 
00:38:56: 1: 0 150 0 0 0 0 0 0 
00:38:57: 1: 0 150 0 0 0 0 0 0 
00:38:58: 1: 0 150 0 0 0 0 0 0 
00:38:59: 1: 0 150 0 0 0 0 0 0 
00:39:00: 1: 0 150 0 0 0 0 0 0 
00:39:01: 1: 0 150 0 0 0 0 0 0 
00:39:02: 1: 0 150 0 0 0 0 0 0 
00:39:03: 1: 0 150 0 0 0 0 0 0 
00:39:04: 1: 0 150 0 0 0 0 0 0 
00:39:05: 1: 0 150 0 0 0 0 0 0 
00:39:06: 1: 0 150 0 0 0 0 0 0 
00:39:07: 1: 0 150 0 0 0 0 0 0 
00:39:08: 1: 0 150 0 0 0 0 0 0 
00:39:09: 1: 0 150 0 0 0 0 0 0 
00:39:10: 1: 0 150 0 0 0 0 0 0 
00:39:11: 1: 0 150 0 0 0 0 0 0 
00:39:12: 1: 0 150 0 0 0 0 0 0 
00:39:13: 1: 0 150 0 0 0 0 0 0 
00:39:14: 1: 0 150 0 0 0 0 0 0 
00:39:15: 1: 0 150 0 0 0 0 0 0 
00:39:16: 1: 0 150 0 0 0 0 0 0 
00:39:17: 1: 0 150 0 0 0 0 0 0 
00:39:18: 1: 0 150 0 0 0 0 0 0 
00:39:19: 1: 0 150 0 0 0 0 0 0 
00:39:20: 1: 0 150 0 0 0 0 0 0 
00:39:21: 1: 0 150 0 0 0 0 0 0 
00:39:22: 1: 0 150 0 0 0 0 0 0 
00:39:23: 1: 0 150 0 0 0 0 0 0 
00:39:24: 1: 0 150 0 0 0 0 0 0 
00:39:25: 1: 0 150 0 0 0 0 0 0 
00:39:26: 1: 0 150 0 0 0 0 0 0 
00:39:27: 1: 0 150 0 0 0 0 0 0 
00:39:28: 1: 0 150 0 0 0 0 0 0 
00:39:29: 1: 0 150 0 0 0 0 0 0 
00:39:30: 1: 0 150 0 0 0 0 0 0 
00:39:31: 1: 0 150 0 0 0 0 0 0 
00:39:32: 1: 0 150 0 0 0 0 0 0 
00:39:33: 1: 0 150 0 0 0 0 0 0 
00:39:34: 1: 0 150 0 0 0 0 0 0 
00:39:35: 1: 0 150 0 0 0 0 0 0 
00:39:36: 1: 0 150 0 0 0 0 0 0 
00:39:37: 1: 0 150 0 0 0 0 0 0 
00:39:38: 1: 0 150 0 0 0 0 0 0 
00:39:39: 1: 0 150 0 0 0 0 0 0 
00:39:40: 1: 0 150 0 0 0 0 0 0 
00:39:41: 1: 0 150 0 0 0 0 0 0 
00:39:42: 1: 0 150 0 0 0 0 0 0 
00:39:43: 1: 0 150 0 0 0 0 0 0 
00:39:44: 1: 0 150 0 0 0 0 0 0 
00:39:45: 1: 0 150 0 0 0 0 0 0 
00:39:46: 1: 0 150 0 0 0 0 0 0 
00:39:47: 1: 0 150 0 0 0 0 0 0 
00:39:48: 1: 0 150 0 0 0 0 0 0 
00:39:49: 1: 0 150 0 0 0 0 0 0 
00:39:50: 1: 0 150 0 0 0 0 0 0 
00:39:51: 1: 0 150 0 0 0 0 0 0 
00:39:52: 1: 0 150 0 0 0 0 0 0 
00:39:53: 1: 0 150 0 0 0 0 0 0 
00:39:54: 1: 0 150 0 0 0 0 0 0 
00:39:55: 1: 0 150 0 0 0 0 0 0 
00:39:56: 1: 0 150 0 0 0 0 0 0 
00:39:57: 1: 0 150 0 0 0 0 0 0 
00:39:58: 1: 0 150 0 0 0 0 0 0 
00:39:59: 1: 0 150 0 0 0 0 0 0 
00:40:00: 1: 0 150 0 0 0 0 0 0 
00:40:01: 1: 0 150 0 0 0 0 0 0 
00:40:02: 1: 0 150 0 0 0 0 0 0 
00:40:03: 1: 0 150 0 0 0 0 0 0 
00:40:04: 1: 0 150 0 0 0 0 0 0 
00:40:05: 1: 0 150 0 0 0 0 0 0 
00:40:06: 1: 0 150 0 0 0 0 0 0 
00:40:07: 1: 0 150 0 0 0 0 0 0 
00:40:08: 1: 0 150 0 0 0 0 0 0 
00:40:09: 1: 0 150 0 0 0 0 0 0 
00:40:10: 1: 0 150 0 0 0 0 0 0 
00:40:11: 1: 0 150 0 0 0 0 0 0 
00:40:12: 1: 0 150 0 0 0 0 0 0 
00:40:13: 1: 0 150 0 0 0 0 0 0 
00:40:14: 1: 0 150 0 0 0 0 0 0 
00:40:15: 1: 0 150 0 0 0 0 0 0 
00:40:16: 1: 0 150 0 0 0 0 0 0 
00:40:17: 1: 0 150 0 0 0 0 0 0 
00:40:18: 1: 0 150 0 0 0 0 0 0 
00:40:19: 1: 0 150 0 0 0 0 0 0 
00:40:20: 1: 0 150 0 0 0 0 0 0 
00:40:21: 1: 0 150 0 0 0 0 0 0 
00:40:22: 1: 0 150 0 0 0 0 0 0 
00:45:59: 1: 0 150 0 0 0 0 0 0 
00:46:00: 1: 0 150 0 0 0 0 0 0 
00:46:01: 1: 0 150 0 0 0 0 0 0 
00:46:02: 1: 0 150 0 0 0 0 0 0 
00:46:03: 1: 0 150 0 0 0 0 0 0 
00:46:04: 1: 0 150 0 0 0 0 0 0 
00:46:05: 1: 0 150 0 0 0 0 0 0 
00:46:06: 1: 0 150 0 0 0 0 0 0 
00:46:07: 1: 0 150 0 0 0 0 0 0 
00:46:08: 1: 0 150 0 0 0 0 0 0 
00:46:09: 1: 0 150 0 0 0 0 0 0 
00:46:10: 1: 0 150 0 0 0 0 0 0 
00:46:11: 1: 0 150 0 0 0 0 0 0 
00:46:12: 1: 0 150 0 0 0 0 0 0 
00:46:13: 1: 0 150 0 0 0 0 0 0 
00:46:14: 1: 0 150 0 0 0 0 0 0 
00:46:15: 1: 0 150 0 0 0 0 0 0 
00:46:16: 1: 0 150 0 0 0 0 0 0 
00:46:17: 1: 0 150 0 0 0 0 0 0 
00:46:18: 1: 0 150 0 0 0 0 0 0 
00:46:19: 1: 0 150 0 0 0 0 0 0 
00:46:20: 1: 0 150 0 0 0 0 0 0 
00:46:21: 1: 0 150 0 0 0 0 0 0 
00:46:22: 1: 0 150 0 0 0 0 0 0 
00:46:23: 1: 0 150 0 0 0 0 0 0 
00:46:24: 1: 0 150 0 0 0 0 0 0 
00:46:25: 1: 0 150 0 0 0 0 0 0 
00:46:26: 1: 0 150 0 0 0 0 0 0 
00:46:27: 1: 0 150 0 0 0 0 0 0 
00:46:28: 1: 0 150 0 0 0 0 0 0 
00:46:29: 1: 0 150 0 0 0 0 0 0 
00:46:30: 1: 0 150 0 0 0 0 0 0 
00:46:31: 1: 0 150 0 0 0 0 0 0 
00:46:32: 1: 0 150 0 0 0 0 0 0 
00:46:33: 1: 0 150 0 0 0 0 0 0 
00:46:34: 1: 0 150 0 0 0 0 0 0 
00:46:35: 1: 0 150 0 0 0 0 0 0 
00:46:36: 1: 0 150 0 0 0 0 0 0 
00:46:37: 1: 0 150 0 0 0 0 0 0 
00:46:38: 1: 0 150 0 0 0 0 0 0 
00:46:39: 1: 0 150 0 0 0 0 0 0 
00:46:40: 1: 0 150 0 0 0 0 0 0 
00:46:41: 1: 0 150 0 0 0 0 0 0 
00:46:42: 1: 0 150 0 0 0 0 0 0 
00:46:43: 1: 0 150 0 0 0 0 0 0 
00:46:44: 1: 0 150 0 0 0 0 0 0 
00:46:45: 1: 0 150 0 0 0 0 0 0 
00:46:46: 1: 0 150 0 0 0 0 0 0 
00:46:47: 1: 0 150 0 0 0 0 0 0 
00:46:48: 1: 0 150 0 0 0 0 0 0 
00:46:49: 1: 0 150 0 0 0 0 0 0 
00:46:50: 1: 0 150 0 0 0 0 0 0 
00:46:51: 1: 0 150 0 0 0 0 0 0 
00:46:52: 1: 0 150 0 0 0 0 0 0 
00:46:53: 1: 0 150 0 0 0 0 0 0 
00:46:54: 1: 0 150 0 0 0 0 0 0 
00:46:55: 1: 0 150 0 0 0 0 0 0 
00:46:56: 1: 0 150 0 0 0 0 0 0 
00:46:57: 1: 0 150 0 0 0 0 0 0 
00:46:58: 1: 0 150 0 0 0 0 0 0 
00:46:59: 1: 0 150 0 0 0 0 0 0 
00:47:00: 1: 0 150 0 0 0 0 0 0 
00:47:01: 1: 0 150 0 0 0 0 0 0 
00:47:02: 1: 0 150 0 0 0 0 0 0 
00:47:03: 1: 0 150 0 0 0 0 0 0 
00:47:04: 1: 0 150 0 0 0 0 0 0 
00:47:05: 1: 0 150 0 0 0 0 0 0 
00:47:06: 1: 0 150 0 0 0 0 0 0 
00:47:07: 1: 0 150 0 0 0 0 0 0 
00:47:08: 1: 0 150 0 0 0 0 0 0 
00:47:09: 1: 0 150 0 0 0 0 0 0 
00:47:10: 1: 0 150 0 0 0 0 0 0 
00:47:11: 1: 0 150 0 0 0 0 0 0 
00:47:12: 1: 0 150 0 0 0 0 0 0 
00:47:13: 1: 0 150 0 0 0 0 0 0 
00:47:14: 1: 0 150 0 0 0 0 0 0 
00:47:15: 1: 0 150 0 0 0 0 0 0 
00:47:16: 1: 0 150 0 0 0 0 0 0 
00:47:17: 1: 0 150 0 0 0 0 0 0 
00:47:18: 1: 0 150 0 0 0 0 0 0 
00:47:19: 1: 0 150 0 0 0 0 0 0 
00:47:20: 1: 0 150 0 0 0 0 0 0 
00:47:21: 1: 0 150 0 0 0 0 0 0 
00:47:22: 1: 0 150 0 0 0 0 0 0 
