23:42:33: 0: 100 192 244 118 132 87 236 118 
23:42:34: 0: 100 192 244 118 132 87 236 118 
23:42:35: 0: 100 192 244 118 132 87 236 118 
23:42:36: 0: 100 192 244 118 132 87 236 118 
23:42:37: 0: 100 192 244 118 132 87 236 118 
23:42:38: 0: 100 192 244 118 132 87 236 118 
23:42:39: 0: 100 192 244 118 132 87 236 118 
23:42:40: 0: 100 192 244 118 132 87 236 118 
23:42:41: 0: 100 192 244 118 132 87 236 118 
23:42:42: 0: 100 192 244 118 132 87 236 118 
23:42:43: 0: 100 192 244 118 132 87 236 118 
23:42:44: 0: 100 192 244 118 132 87 236 118 
23:42:45: 0: 100 192 244 118 132 87 236 118 
23:42:46: 0: 100 192 244 118 132 87 236 118 
23:42:47: 0: 100 192 244 118 132 87 236 118 
23:42:48: 0: 100 192 244 118 132 87 236 118 
23:42:49: 0: 100 192 244 118 132 87 236 118 
23:42:50: 0: 100 192 244 118 132 87 236 118 
23:43:10: 165: 0 0 0 0 1 1 0 0 
23:43:11: 1: 0 195 0 0 0 0 0 0 
23:43:12: 1: 0 195 0 0 0 0 0 0 
23:43:13: 1: 0 195 0 0 0 0 0 0 
23:43:14: 1: 0 195 0 0 0 0 0 0 
23:43:15: 1: 0 195 0 0 0 0 0 0 
23:43:16: 1: 0 195 0 0 0 0 0 0 
23:43:17: 1: 0 195 0 0 0 0 0 0 
23:43:18: 1: 0 195 0 0 0 0 0 0 
23:43:19: 1: 0 195 0 0 0 0 0 0 
23:43:20: 1: 0 195 0 0 0 0 0 0 
23:43:21: 1: 0 195 0 0 0 0 0 0 
23:43:22: 1: 0 195 0 0 0 0 0 0 
23:43:23: 1: 0 195 0 0 0 0 0 0 
23:43:24: 1: 0 195 0 0 0 0 0 0 
23:43:25: 1: 0 195 0 0 0 0 0 0 
23:43:26: 1: 0 195 0 0 0 0 0 0 
23:43:27: 1: 0 195 0 0 0 0 0 0 
23:43:28: 1: 0 195 0 0 0 0 0 0 
23:43:29: 1: 0 195 0 0 0 0 0 0 
23:43:30: 1: 0 195 0 0 0 0 0 0 
23:43:31: 1: 0 195 0 0 0 0 0 0 
23:43:32: 1: 0 195 0 0 0 0 0 0 
23:43:33: 1: 0 195 0 0 0 0 0 0 
23:43:34: 1: 0 195 0 0 0 0 0 0 
23:43:35: 1: 0 195 0 0 0 0 0 0 
23:43:36: 1: 0 195 0 0 0 0 0 0 
23:43:37: 1: 0 195 0 0 0 0 0 0 
23:43:38: 1: 0 195 0 0 0 0 0 0 
23:43:39: 1: 0 195 0 0 0 0 0 0 
23:43:40: 1: 0 195 0 0 0 0 0 0 
23:43:41: 1: 0 195 0 0 0 0 0 0 
23:43:42: 1: 0 195 0 0 0 0 0 0 
23:43:43: 1: 0 195 0 0 0 0 0 0 
23:43:44: 1: 0 195 0 0 0 0 0 0 
23:43:45: 1: 0 195 0 0 0 0 0 0 
23:43:46: 1: 0 195 0 0 0 0 0 0 
23:43:47: 1: 0 195 0 0 0 0 0 0 
23:43:48: 1: 0 195 0 0 0 0 0 0 
23:43:49: 1: 0 195 0 0 0 0 0 0 
23:43:50: 1: 0 195 0 0 0 0 0 0 
23:43:51: 1: 0 195 0 0 0 0 0 0 
23:43:52: 1: 0 195 0 0 0 0 0 0 
23:43:53: 1: 0 195 0 0 0 0 0 0 
23:43:54: 1: 0 195 0 0 0 0 0 0 
23:43:55: 1: 0 195 0 0 0 0 0 0 
23:43:56: 1: 0 195 0 0 0 0 0 0 
23:43:57: 1: 0 195 0 0 0 0 0 0 
23:43:58: 1: 0 195 0 0 0 0 0 0 
23:43:59: 1: 0 195 0 0 0 0 0 0 
00:01:28: 165: 0 0 255 0 1 1 0 0 
00:01:29: 1: 0 195 0 0 0 0 0 0 
00:01:30: 1: 0 195 0 0 0 0 0 0 
00:01:31: 1: 0 195 0 0 0 0 0 0 
00:01:32: 1: 0 195 0 0 0 0 0 0 
00:01:33: 1: 0 195 0 0 0 0 0 0 
00:01:34: 1: 0 195 0 0 0 0 0 0 
00:01:35: 1: 0 195 0 0 0 0 0 0 
00:01:36: 1: 0 195 0 0 0 0 0 0 
00:01:37: 1: 0 195 0 0 0 0 0 0 
00:01:38: 1: 0 195 0 0 0 0 0 0 
00:01:39: 1: 0 195 0 0 0 0 0 0 
00:01:40: 1: 0 195 0 0 0 0 0 0 
00:06:38: 165: 0 0 255 0 1 1 0 0 
00:06:39: 1: 0 195 0 0 0 0 0 0 
00:06:40: 1: 0 195 0 0 0 0 0 0 
00:06:41: 1: 0 195 0 0 0 0 0 0 
00:06:42: 1: 0 195 0 0 0 0 0 0 
00:06:43: 1: 0 195 0 0 0 0 0 0 
00:06:44: 1: 0 195 0 0 0 0 0 0 
00:28:38: 165: 0 0 255 0 1 1 0 0 
00:28:39: 1: 0 195 0 0 0 0 0 0 
00:28:40: 1: 0 195 0 0 0 0 0 0 
00:28:41: 1: 0 195 0 0 0 0 0 0 
00:28:42: 1: 0 195 0 0 0 0 0 0 
00:31:16: 165: 0 0 255 0 1 1 0 0 
00:31:17: 1: 0 195 0 0 0 0 0 0 
00:31:18: 1: 0 195 0 0 0 0 0 0 
00:31:19: 1: 0 195 0 0 0 0 0 0 
00:31:20: 1: 0 195 0 0 0 0 0 0 
00:42:54: 165: 0 0 255 0 1 1 0 0 
00:42:55: 1: 0 195 0 0 0 0 0 0 
00:42:56: 1: 0 195 0 0 0 0 0 0 
00:42:57: 1: 0 195 0 0 0 0 0 0 
00:42:58: 1: 0 195 0 0 0 0 0 0 
00:42:59: 1: 0 195 0 0 0 0 0 0 
00:43:00: 1: 0 195 0 0 0 0 0 0 
00:43:01: 1: 0 195 0 0 0 0 0 0 
00:43:02: 1: 0 195 0 0 0 0 0 0 
00:43:03: 1: 0 195 0 0 0 0 0 0 
00:49:05: 165: 0 0 255 0 1 1 0 0 
00:49:06: 1: 0 195 0 0 0 0 0 0 
00:49:07: 1: 0 195 0 0 0 0 0 0 
00:49:08: 1: 0 195 0 0 0 0 0 0 
00:49:09: 1: 0 195 0 0 0 0 0 0 
00:49:10: 1: 0 195 0 0 0 0 0 0 
00:49:11: 1: 0 195 0 0 0 0 0 0 
00:49:12: 1: 0 195 0 0 0 0 0 0 
00:49:13: 1: 0 195 0 0 0 0 0 0 
00:49:14: 1: 0 195 0 0 0 0 0 0 
00:49:15: 1: 0 195 0 0 0 0 0 0 
00:49:16: 1: 0 195 0 0 0 0 0 0 
00:49:17: 1: 0 195 0 0 0 0 0 0 
00:49:18: 1: 0 195 0 0 0 0 0 0 
00:49:19: 1: 0 195 0 0 0 0 0 0 
00:49:20: 1: 0 195 0 0 0 0 0 0 
00:49:21: 1: 0 195 0 0 0 0 0 0 
00:49:22: 165: 0 0 71 0 1 1 0 0 
00:49:23: 1: 0 195 0 0 0 0 0 0 
00:49:24: 1: 0 195 0 0 0 0 0 0 
00:49:25: 1: 0 195 0 0 0 0 0 0 
00:49:26: 1: 0 195 0 0 0 0 0 0 
00:49:27: 1: 0 195 0 0 0 0 0 0 
00:49:28: 1: 0 195 0 0 0 0 0 0 
00:49:29: 1: 0 195 0 0 0 0 0 0 
00:49:30: 1: 0 195 0 0 0 0 0 0 
00:49:31: 1: 0 195 0 0 0 0 0 0 
00:49:32: 1: 0 195 0 0 0 0 0 0 
00:49:33: 1: 0 195 0 0 0 0 0 0 
00:49:34: 1: 0 195 0 0 0 0 0 0 
00:49:35: 1: 0 195 0 0 0 0 0 0 
00:49:36: 1: 0 195 0 0 0 0 0 0 
00:49:37: 1: 0 195 0 0 0 0 0 0 
00:49:38: 1: 0 195 0 0 0 0 0 0 
00:49:39: 1: 0 195 0 0 0 0 0 0 
00:49:40: 1: 0 195 0 0 0 0 0 0 
00:49:41: 1: 0 195 0 0 0 0 0 0 
00:49:42: 1: 0 195 0 0 0 0 0 0 
00:49:43: 1: 0 195 0 0 0 0 0 0 
00:49:44: 1: 0 195 0 0 0 0 0 0 
00:49:45: 1: 0 195 0 0 0 0 0 0 
00:49:46: 1: 0 195 0 0 0 0 0 0 
00:49:47: 1: 0 195 0 0 0 0 0 0 
00:49:48: 1: 0 195 0 0 0 0 0 0 
01:05:21: 165: 0 0 59 0 1 1 0 0 
01:05:22: 4: 70 0 65 0 0 0 0 0 
01:05:23: 4: 70 0 65 0 0 0 0 0 
01:05:24: 4: 70 0 65 0 0 0 0 0 
01:05:25: 4: 70 0 65 0 0 0 0 0 
01:05:26: 4: 70 0 65 0 0 0 0 0 
01:05:27: 4: 70 0 65 0 0 0 0 0 
01:05:28: 4: 70 0 65 0 0 0 0 0 
01:05:29: 4: 70 0 65 0 0 0 0 0 
01:05:30: 4: 70 0 65 0 0 0 0 0 
01:05:31: 4: 70 0 65 0 0 0 0 0 
01:05:32: 4: 70 0 65 0 0 0 0 0 
01:05:33: 4: 70 0 65 0 0 0 0 0 
01:05:34: 4: 70 0 65 0 0 0 0 0 
01:05:35: 4: 70 0 65 0 0 0 0 0 
01:05:36: 4: 70 0 65 0 0 0 0 0 
01:05:37: 4: 70 0 65 0 0 0 0 0 
01:05:38: 4: 70 0 65 0 0 0 0 0 
01:05:39: 4: 70 0 65 0 0 0 0 0 
01:05:40: 4: 70 0 65 0 0 0 0 0 
01:05:41: 4: 70 0 65 0 0 0 0 0 
01:05:42: 4: 70 0 65 0 0 0 0 0 
01:05:43: 4: 70 0 65 0 0 0 0 0 
01:05:44: 4: 70 0 65 0 0 0 0 0 
01:05:45: 4: 70 0 65 0 0 0 0 0 
01:05:46: 4: 70 0 65 0 0 0 0 0 
01:05:47: 4: 70 0 65 0 0 0 0 0 
01:05:48: 4: 70 0 65 0 0 0 0 0 
01:05:49: 4: 70 0 65 0 0 0 0 0 
01:05:50: 4: 70 0 65 0 0 0 0 0 
01:05:51: 4: 70 0 65 0 0 0 0 0 
01:05:52: 4: 70 0 65 0 0 0 0 0 
01:05:53: 4: 70 0 65 0 0 0 0 0 
01:05:54: 4: 70 0 65 0 0 0 0 0 
01:05:55: 4: 70 0 65 0 0 0 0 0 
01:05:56: 4: 70 0 65 0 0 0 0 0 
01:05:57: 4: 70 0 65 0 0 0 0 0 
01:05:58: 4: 70 0 65 0 0 0 0 0 
01:05:59: 4: 70 0 65 0 0 0 0 0 
01:06:00: 4: 70 0 65 0 0 0 0 0 
01:06:01: 4: 70 0 65 0 0 0 0 0 
01:06:02: 4: 70 0 65 0 0 0 0 0 
01:06:03: 4: 70 0 65 0 0 0 0 0 
01:06:04: 4: 70 0 65 0 0 0 0 0 
01:06:05: 4: 70 0 65 0 0 0 0 0 
01:06:06: 4: 70 0 65 0 0 0 0 0 
01:06:07: 4: 70 0 65 0 0 0 0 0 
01:06:08: 4: 70 0 65 0 0 0 0 0 
01:06:09: 4: 70 0 65 0 0 0 0 0 
01:06:10: 4: 70 0 65 0 0 0 0 0 
01:06:11: 4: 70 0 65 0 0 0 0 0 
01:06:12: 4: 70 0 65 0 0 0 0 0 
01:06:13: 4: 70 0 65 0 0 0 0 0 
01:06:14: 4: 70 0 65 0 0 0 0 0 
01:06:15: 4: 70 0 65 0 0 0 0 0 
01:06:16: 4: 70 0 65 0 0 0 0 0 
01:06:17: 4: 70 0 65 0 0 0 0 0 
01:06:18: 4: 70 0 65 0 0 0 0 0 
01:06:19: 4: 70 0 65 0 0 0 0 0 
01:06:20: 4: 70 0 65 0 0 0 0 0 
01:06:21: 165: 0 0 60 0 1 1 0 0 
01:06:22: 4: 70 0 65 0 0 0 0 0 
